10820.0	1.0
10820.050125313282	0.9999999993600526
10820.100250626567	0.9999999987044182
10820.15037593985	0.9999999980323525
10820.200501253134	0.9999999973430372
10820.250626566416	0.9999999966356083
10820.300751879699	0.9999999959091127
10820.350877192983	0.9999999951625285
10820.401002506265	0.9999999943947506
10820.45112781955	0.9999999936045777
10820.501253132832	0.9999999927907028
10820.551378446115	0.9999999919517115
10820.601503759399	0.9999999910860675
10820.651629072681	0.9999999901920935
10820.701754385966	0.9999999892679667
10820.751879699248	0.9999999883117118
10820.80200501253	0.9999999873211577
10820.852130325815	0.9999999862939576
10820.902255639097	0.9999999852275417
10820.952380952382	0.9999999841191116
10821.002506265664	0.9999999829656148
10821.052631578947	0.9999999817637216
10821.10275689223	0.9999999805098068
10821.152882205513	0.9999999791999071
10821.203007518798	0.999999977829703
10821.25313283208	0.9999999763944944
10821.303258145363	0.999999974889148
10821.353383458647	0.9999999733080769
10821.40350877193	0.9999999716451935
10821.453634085214	0.9999999698938787
10821.503759398496	0.9999999680469224
10821.553884711779	0.9999999660964927
10821.604010025063	0.9999999640340808
10821.654135338345	0.9999999618504505
10821.70426065163	0.9999999595355875
10821.754385964912	0.9999999570786368
10821.804511278195	0.9999999544678639
10821.854636591479	0.9999999516905632
10821.904761904761	0.9999999487330229
10821.954887218046	0.9999999455804583
10822.005012531328	0.999999942216933
10822.05513784461	0.9999999386253016
10822.105263157895	0.9999999347871358
10822.155388471178	0.9999999306826702
10822.205513784462	0.9999999262906957
10822.255639097744	0.999999921588524
10822.305764411027	0.9999999165518771
10822.355889724311	0.99999991115482
10822.406015037594	0.9999999053696811
10822.456140350878	0.9999998991669101
10822.50626566416	0.9999998925150114
10822.556390977443	0.9999998853803814
10822.606516290727	0.9999998777271273
10822.65664160401	0.9999998695168746
10822.706766917294	0.9999998607084347
10822.756892230576	0.9999998512574325
10822.807017543859	0.99999984111569
10822.857142857143	0.9999998302304112
10822.907268170426	0.9999998185429204
10822.95739348371	0.9999998059867619
10823.007518796992	0.9999997924847998
10823.057644110275	0.9999997779447122
10823.10776942356	0.9999997622519344
10823.157894736842	0.999999745258717
10823.208020050126	0.9999997267670632
10823.258145363408	0.9999997065026416
10823.30827067669	0.9999996840752413
10823.358395989975	0.9999996589201142
10823.408521303258	0.9999996302125823
10823.458646616542	0.9999995967466196
10823.508771929824	0.999999556765922
10823.558897243107	0.9999995077340079
10823.609022556391	0.9999994460270467
10823.659147869674	0.9999993665288449
10823.709273182958	0.9999992620996856
10823.75939849624	0.9999991228763778
10823.809523809523	0.9999989353359284
10823.859649122807	0.9999986810153528
10823.90977443609	0.9999983347222481
10823.959899749374	0.9999978619982668
10824.010025062656	0.9999972155227258
10824.060150375939	0.9999963300981891
10824.110275689223	0.9999951158946454
10824.160401002506	0.9999934498178268
10824.21052631579	0.9999911652875488
10824.260651629073	0.9999880414166682
10824.310776942355	0.9999837935446717
10824.36090225564	0.9999780681407974
10824.411027568922	0.9999704459149995
10824.461152882206	0.9999604570769907
10824.511278195489	0.9999476115578995
10824.561403508771	0.9999314443656516
10824.611528822055	0.9999115722885032
10824.661654135338	0.9998877537602593
10824.711779448622	0.999859940277374
10824.761904761905	0.9998283068199348
10824.812030075187	0.9997932511966781
10824.862155388471	0.9997553579056254
10824.912280701754	0.9997153295527654
10824.962406015038	0.9996738959065278
10825.01253132832	0.9996317150977131
10825.062656641605	0.9995892819179435
10825.112781954887	0.9995468545308804
10825.16290726817	0.9995044043884705
10825.213032581454	0.999461586748653
10825.263157894737	0.9994177229878594
10825.313283208021	0.999371782345323
10825.363408521303	0.9993223503371488
10825.413533834586	0.9992675735024329
10825.46365914787	0.9992050747213417
10825.513784461153	0.9991318399757744
10825.563909774437	0.9990440877418173
10825.61403508772	0.9989371502324595
10825.664160401002	0.9988054258226363
10825.714285714286	0.9986425006128814
10825.764411027569	0.9984415566004684
10825.814536340853	0.9981961209777729
10825.864661654135	0.9979009997998163
10825.914786967418	0.9975529311311583
10825.964912280702	0.9971503794942806
10826.015037593985	0.9966923434436393
10826.065162907269	0.9961769618529633
10826.115288220552	0.995601284399319
10826.165413533834	0.9949630742215648
10826.215538847118	0.9942640497311954
10826.2656641604	0.9935123761320932
10826.315789473685	0.9927218934404483
10826.365914786968	0.9919079442972755
10826.41604010025	0.9910832950218401
10826.466165413534	0.9902578370344637
10826.516290726817	0.989441667737026
10826.566416040101	0.9886480477000887
10826.616541353384	0.9878933281335531
10826.666666666666	0.9871934566792195
10826.71679197995	0.986559231816635
10826.766917293233	0.9859930114395714
10826.817042606517	0.9854877742849019
10826.8671679198	0.9850282534652455
10826.917293233082	0.9845950034185833
10826.967418546366	0.9841723168538761
10827.017543859649	0.9837551301091628
10827.067669172933	0.9833453837557637
10827.117794486216	0.9829412370443683
10827.167919799498	0.9825342714648646
10827.218045112782	0.9821083954091507
10827.268170426065	0.981632435293201
10827.31829573935	0.9810699254760918
10827.368421052632	0.9804044062114572
10827.418546365914	0.9796416539505254
10827.468671679198	0.9787934960879405
10827.518796992481	0.977872035919586
10827.568922305765	0.9768991203283874
10827.619047619048	0.9759179141617307
10827.66917293233	0.9749768548430725
10827.719298245614	0.9740983442514369
10827.769423558897	0.9732734539730541
10827.819548872181	0.9724862184816628
10827.869674185464	0.9717353922859895
10827.919799498746	0.9710340997615727
10827.96992481203	0.970395942225864
10828.020050125313	0.969824432092899
10828.070175438597	0.9693136607015946
10828.12030075188	0.968856848263047
10828.170426065162	0.9684542975084642
10828.220551378447	0.9681131852190167
10828.270676691729	0.9678382643125504
10828.320802005013	0.9676245808773875
10828.370927318296	0.967463642275695
10828.421052631578	0.9673549427777514
10828.471177944863	0.9673066627490635
10828.521303258145	0.9673247769326712
10828.57142857143	0.9674003321257578
10828.621553884712	0.9675077602343414
10828.671679197994	0.9676199191308716
10828.721804511279	0.9677143889181945
10828.771929824561	0.9677669422937031
10828.822055137845	0.9677613872654783
10828.872180451128	0.9677036160737188
10828.92230576441	0.967620267364246
10828.972431077695	0.9675474001492221
10829.022556390977	0.967517593252923
10829.072681704261	0.967551227644628
10829.122807017544	0.9676560500964543
10829.172932330826	0.9678326926403454
10829.22305764411	0.9680795949719897
10829.273182957393	0.9683938300310982
10829.323308270677	0.9687692948435418
10829.37343358396	0.969195418602961
10829.423558897242	0.9696580018865585
10829.473684210527	0.9701414724458467
10829.52380952381	0.970630869684671
10829.573934837093	0.9711126451986674
10829.624060150376	0.9715746404840129
10829.674185463658	0.9720061007467496
10829.724310776943	0.9723981793522946
10829.774436090225	0.9727447682807832
10829.82456140351	0.9730432097788732
10829.874686716792	0.9732945345217974
10829.924812030074	0.9735031116415489
10829.974937343359	0.9736758243832846
10830.025062656641	0.9738210334032893
10830.075187969926	0.9739476144217114
10830.125313283208	0.9740642441737472
10830.17543859649	0.9741789183546765
10830.225563909775	0.9742985451940729
10830.275689223057	0.9744284814617511
10830.325814536342	0.974572056742254
10830.375939849624	0.9747303083003086
10830.426065162907	0.9749021339574967
10830.47619047619	0.9750848476171268
10830.526315789473	0.9752748976569423
10830.576441102758	0.9754684921331858
10830.62656641604	0.9756620432530354
10830.676691729323	0.9758524999722138
10830.726817042607	0.9760376609464637
10830.77694235589	0.9762164881110038
10830.827067669174	0.976389345585284
10830.877192982456	0.9765580121269721
10830.927318295739	0.9767253211087243
10830.977443609023	0.9768944218054457
10831.027568922305	0.9770678781072193
10831.07769423559	0.9772469879773831
10831.127819548872	0.977431681897182
10831.177944862155	0.9776210782426934
10831.228070175439	0.9778143501378109
10831.278195488721	0.9780113058045827
10831.328320802006	0.9782122794595332
10831.378446115288	0.9784174711304972
10831.42857142857	0.9786263017026392
10831.478696741855	0.9788373029264452
10831.528822055137	0.979048638401249
10831.578947368422	0.97925893940722
10831.629072681704	0.9794680015123405
10831.679197994987	0.9796770186510424
10831.729323308271	0.9798883086032205
10831.779448621553	0.9801047632902851
10831.829573934838	0.9803293644301149
10831.87969924812	0.9805649475056897
10831.929824561403	0.9808141132222127
10831.979949874687	0.9810790343476421
10832.03007518797	0.9813609942531745
10832.080200501254	0.9816597148636589
10832.130325814536	0.9819727341530876
10832.180451127819	0.9822951809721251
10832.230576441103	0.9826201957590629
10832.280701754386	0.9829399555003774
10832.33082706767	0.9832469477879751
10832.380952380952	0.9835350421484448
10832.431077694235	0.9838000866768977
10832.481203007519	0.9840400370611212
10832.531328320802	0.9842547934643335
10832.581453634086	0.9844459216376323
10832.631578947368	0.9846163561401308
10832.68170426065	0.9847701271661828
10832.731829573935	0.9849121300283387
10832.781954887218	0.9850479184456565
10832.832080200502	0.9851834501453338
10832.882205513784	0.9853247171760344
10832.932330827067	0.9854772782630413
10832.982456140351	0.9856457876988276
10833.032581453634	0.9858336015051723
10833.082706766918	0.986042489289106
10833.1328320802	0.9862724893744063
10833.182957393483	0.9865219870238957
10833.233082706767	0.9867880555738825
10833.28320802005	0.9870669688474041
10833.333333333334	0.9873546924075897
10833.383458646616	0.9876471968105617
10833.433583959899	0.9879405965918578
10833.483709273183	0.9882312808894742
10833.533834586466	0.9885162139245256
10833.58395989975	0.9887934092786959
10833.634085213032	0.989062373338269
10833.684210526315	0.9893242790519708
10833.7343358396	0.9895818088355783
10833.784461152882	0.9898388172298209
10833.834586466166	0.9901000089851663
10833.884711779448	0.9903706841549391
10833.934837092731	0.9906564283344614
10833.984962406015	0.9909626002837157
10834.035087719298	0.9912936341090108
10834.085213032582	0.9916523948564406
10834.135338345865	0.9920398731353741
10834.185463659147	0.9924552744151932
10834.235588972431	0.9928962454558871
10834.285714285714	0.9933588949152125
10834.335839598998	0.9938375027749161
10834.38596491228	0.9943241757597694
10834.436090225563	0.9948089059053262
10834.486215538847	0.9952803736649021
10834.53634085213	0.995727464876224
10834.586466165414	0.9961410585684772
10834.636591478697	0.9965154377196391
10834.686716791979	0.9968488114592661
10834.736842105263	0.9971428419245711
10834.786967418546	0.9974015009354917
10834.83709273183	0.9976297898490882
10834.887218045113	0.9978327532313229
10834.937343358395	0.9980149339128896
10834.98746867168	0.9981801751220376
10835.037593984962	0.9983315987795338
10835.087719298246	0.9984716421297833
10835.137844611529	0.9986021135290079
10835.187969924813	0.9987242679255143
10835.238095238095	0.9988389030960096
10835.288220551378	0.9989464662725583
10835.338345864662	0.9990471566666873
10835.388471177945	0.9991410147658369
10835.438596491229	0.9992279972002076
10835.488721804511	0.999308040256878
10835.538847117794	0.9993811144938237
10835.588972431078	0.9994472697763533
10835.63909774436	0.9995066674533101
10835.689223057645	0.999559596031059
10835.739348370927	0.9996064686407281
10835.78947368421	0.9996478037496104
10835.839598997494	0.9996841935154113
10835.889724310777	0.9997162658444716
10835.939849624061	0.9997446462398953
10835.989974937344	0.9997699242639241
10836.040100250626	0.9997926276061457
10836.09022556391	0.9998132050133934
10836.140350877193	0.9998320180625274
10836.190476190477	0.9998493409752491
10836.24060150376	0.9998653672246666
10836.290726817042	0.9998802213859275
10836.340852130326	0.999893974448448
10836.390977443609	0.9999066606544228
10836.441102756893	0.9999182939342148
10836.491228070176	0.9999288822391853
10836.541353383458	0.9999384385293979
10836.591478696742	0.9999469877868329
10836.641604010025	0.9999545700738375
10836.69172932331	0.9999612402131818
10836.741854636592	0.9999670650339908
10836.791979949874	0.9999721192656138
10836.842105263158	0.9999764810863673
10836.89223057644	0.9999802281059148
10836.942355889725	0.9999834342586272
10836.992481203008	0.9999861677869984
10837.04260651629	0.9999884902550631
10837.092731829574	0.9999904563798777
10837.142857142857	0.999992114407088
10837.192982456141	0.9999935067667105
10837.243107769424	0.9999946708013584
10837.293233082706	0.9999956394337184
10837.34335839599	0.9999964417113428
10837.393483709273	0.9999971032215924
10837.443609022557	0.9999976464025585
10837.49373433584	0.9999980907888617
10837.543859649122	0.9999984532292812
10837.593984962406	0.9999987481029015
10837.644110275689	0.9999989875474378
10837.694235588973	0.9999991817017645
10837.744360902256	0.9999993389567265
10837.794486215538	0.9999994662041829
10837.844611528822	0.9999995690738556
10837.894736842105	0.9999996521493828
10837.94486215539	0.9999997191581022
10837.994987468672	0.9999997731323061
10838.045112781954	0.9999998165424482
10838.095238095239	0.9999998514049148
10838.145363408521	0.9999998793678648
10838.195488721805	0.9999999017791666
10838.245614035088	0.9999999197402256
10838.29573934837	0.9999999341489778
10838.345864661655	0.9999999457347146
10838.395989974937	0.99999995508675
10838.446115288221	0.9999999626783566
10838.496240601504	0.9999999688870101
10838.546365914786	0.9999999740115708
10838.59649122807	0.9999999782869136
10838.646616541353	0.9999999818963123
10838.696741854637	0.999999984981833
10838.74686716792	0.9999999876529854
10838.796992481202	0.999999989993827
10838.847117794487	0.9999999920687146
10838.89724310777	0.9999999939268989
10838.947368421053	0.9999999956061575
10838.997493734336	0.9999999971356033
10839.047619047618	0.9999999985378712
10839.097744360903	0.999999999830733
10839.147869674185	1.0000000010283525
10839.19799498747	1.0000000021421798
10839.248120300752	1.0000000031816374
10839.298245614034	1.000000004154616
10839.348370927319	1.0000000050678115
10839.398496240601	1.0000000059270022
10839.448621553885	1.000000006737233
10839.498746867168	1.0000000075029483
10839.54887218045	1.0000000082281015
10839.598997493735	1.0000000089162167
10839.649122807017	1.0000000095704686
10839.699248120301	1.0000000101937119
10839.749373433584	1.0000000107885203
10839.799498746866	1.0000000113572243
10839.84962406015	1.000000011901932
10839.899749373433	1.0000000124245452
10839.949874686718	1.0000000129267914
10840.0	1.000000013410232
