10820.0	1.0
10820.050125313282	0.9999999999634869
10820.100250626567	0.9999999999263008
10820.15037593985	0.9999999998884184
10820.200501253134	0.9999999998498219
10820.250626566416	0.9999999998104848
10820.300751879699	0.9999999997703866
10820.350877192983	0.9999999997295002
10820.401002506265	0.9999999996877985
10820.45112781955	0.999999999645254
10820.501253132832	0.9999999996018349
10820.551378446115	0.9999999995575083
10820.601503759399	0.9999999995122368
10820.651629072681	0.9999999994659865
10820.701754385966	0.9999999994187136
10820.751879699248	0.9999999993703745
10820.80200501253	0.9999999993209228
10820.852130325815	0.999999999270306
10820.902255639097	0.9999999992184673
10820.952380952382	0.9999999991653512
10821.002506265664	0.9999999991108893
10821.052631578947	0.9999999990550122
10821.10275689223	0.9999999989976497
10821.152882205513	0.999999998938719
10821.203007518798	0.9999999988781347
10821.25313283208	0.9999999988158048
10821.303258145363	0.9999999987516329
10821.353383458647	0.9999999986855124
10821.40350877193	0.999999998617333
10821.453634085214	0.9999999985469761
10821.503759398496	0.9999999984743123
10821.553884711779	0.9999999983992033
10821.604010025063	0.9999999983215039
10821.654135338345	0.9999999982410472
10821.70426065163	0.9999999981576626
10821.754385964912	0.9999999980711468
10821.804511278195	0.99999999798128
10821.854636591479	0.9999999978878106
10821.904761904761	0.9999999977904505
10821.954887218046	0.9999999976888623
10822.005012531328	0.9999999975826563
10822.05513784461	0.9999999974713715
10822.105263157895	0.9999999973544648
10822.155388471178	0.9999999972312935
10822.205513784462	0.9999999971011053
10822.255639097744	0.9999999969630132
10822.305764411027	0.999999996815984
10822.355889724311	0.9999999966588197
10822.406015037594	0.999999996490136
10822.456140350878	0.9999999963083528
10822.50626566416	0.9999999961116671
10822.556390977443	0.9999999958980362
10822.606516290727	0.999999995665143
10822.65664160401	0.999999995410357
10822.706766917294	0.9999999951306674
10822.756892230576	0.999999994822585
10822.807017543859	0.9999999944820093
10822.857142857143	0.9999999941040226
10822.907268170426	0.9999999936826192
10822.95739348371	0.9999999932103482
10823.007518796992	0.9999999926778543
10823.057644110275	0.9999999920733277
10823.10776942356	0.9999999913818576
10823.157894736842	0.9999999905847375
10823.208020050126	0.9999999896587437
10823.258145363408	0.9999999885754693
10823.30827067669	0.9999999873008106
10823.358395989975	0.999999985794665
10823.408521303258	0.9999999840109951
10823.458646616542	0.9999999818983004
10823.508771929824	0.9999999794005535
10823.558897243107	0.9999999764585541
10823.609022556391	0.9999999730115093
10823.659147869674	0.9999999689984821
10823.709273182958	0.9999999643590963
10823.75939849624	0.9999999590325278
10823.809523809523	0.9999999529533371
10823.859649122807	0.9999999460421533
10823.90977443609	0.9999999381882178
10823.959899749374	0.999999929219484
10824.010025062656	0.9999999188537074
10824.060150375939	0.999999906620348
10824.110275689223	0.9999998917377838
10824.160401002506	0.9999998729229526
10824.21052631579	0.9999998481026348
10824.260651629073	0.9999998139897489
10824.310776942355	0.9999997654888433
10824.36090225564	0.9999996949053452
10824.411027568922	0.9999995909485058
10824.461152882206	0.9999994375194721
10824.511278195489	0.9999992122288031
10824.561403508771	0.9999988844604677
10824.611528822055	0.9999984126120914
10824.661654135338	0.9999977400385742
10824.711779448622	0.999996789516328
10824.761904761905	0.9999954570931733
10824.812030075187	0.9999936080484654
10824.862155388471	0.9999910795441607
10824.912280701754	0.9999876944381191
10824.962406015038	0.9999832863508644
10825.01253132832	0.999977727098827
10825.062656641605	0.9999709383978158
10825.112781954887	0.9999628694505317
10825.16290726817	0.9999534391188081
10825.213032581454	0.9999424737851942
10825.263157894737	0.9999297005947884
10825.313283208021	0.9999148509523925
10825.363408521303	0.9998978732590317
10825.413533834586	0.9998791665534993
10825.46365914787	0.999859687975513
10825.513784461153	0.9998408189222389
10825.563909774437	0.9998240007749329
10825.61403508772	0.9998102921665344
10825.664160401002	0.9998000507769187
10825.714285714286	0.9997928649718613
10825.764411027569	0.9997877171393139
10825.814536340853	0.999783256381976
10825.864661654135	0.9997780488856609
10825.914786967418	0.9997707311507981
10825.964912280702	0.9997600504485491
10826.015037593985	0.9997448120503358
10826.065162907269	0.9997237863805463
10826.115288220552	0.9996956702934786
10826.165413533834	0.9996591947850173
10826.215538847118	0.9996133684250943
10826.2656641604	0.9995576789628593
10826.315789473685	0.9994919984847735
10826.365914786968	0.9994160962631194
10826.41604010025	0.9993290240525832
10826.466165413534	0.9992289404082081
10826.516290726817	0.9991138638597169
10826.566416040101	0.9989832936826648
10826.616541353384	0.9988399146189539
10826.666666666666	0.9986902793396144
10826.71679197995	0.9985438224477712
10826.766917293233	0.9984105451748013
10826.817042606517	0.9982984437371288
10826.8671679198	0.9982116991131942
10826.917293233082	0.9981500534720459
10826.967418546366	0.998109317200897
10827.017543859649	0.9980828103266671
10827.067669172933	0.9980634063299936
10827.117794486216	0.9980454760940871
10827.167919799498	0.9980257970272413
10827.218045112782	0.9980029782167236
10827.268170426065	0.9979760584823851
10827.31829573935	0.9979436604687392
10827.368421052632	0.9979045246300184
10827.418546365914	0.9978587974902579
10827.468671679198	0.9978085843839607
10827.518796992481	0.9977569450856385
10827.568922305765	0.9977060252298252
10827.619047619048	0.9976558021637943
10827.66917293233	0.9976042859421976
10827.719298245614	0.9975487894796244
10827.769423558897	0.9974872530318123
10827.819548872181	0.9974188832087806
10827.869674185464	0.9973440493126522
10827.919799498746	0.9972638410000945
10827.96992481203	0.9971796288100268
10828.020050125313	0.9970926026524741
10828.070175438597	0.9970031229115803
10828.12030075188	0.9969100822462107
10828.170426065162	0.9968109685522908
10828.220551378447	0.9967031712319591
10828.270676691729	0.9965860413465154
10828.320802005013	0.9964621766934322
10828.370927318296	0.9963365718067614
10828.421052631578	0.9962138212808431
10828.471177944863	0.9960952688518633
10828.521303258145	0.9959782823047935
10828.57142857143	0.9958582815855183
10828.621553884712	0.9957320170471594
10828.671679197994	0.9955997066507076
10828.721804511279	0.9954647075142585
10828.771929824561	0.9953314432734902
10828.822055137845	0.9952035157457922
10828.872180451128	0.9950832688799373
10828.92230576441	0.9949723585909864
10828.972431077695	0.9948719363423025
10829.022556390977	0.9947818008877456
10829.072681704261	0.9946994462100729
10829.122807017544	0.9946205462556513
10829.172932330826	0.994541199602248
10829.22305764411	0.9944603940023873
10829.273182957393	0.9943807311550659
10829.323308270677	0.9943070246050718
10829.37343358396	0.9942442525076858
10829.423558897242	0.994196540559918
10829.473684210527	0.9941673232639786
10829.52380952381	0.9941593721995956
10829.573934837093	0.9941735559304871
10829.624060150376	0.9942067947197303
10829.674185463658	0.9942510721534781
10829.724310776943	0.9942950826899712
10829.774436090225	0.9943281428614565
10829.82456140351	0.9943440340687743
10829.874686716792	0.9943423262754753
10829.924812030074	0.9943266139023041
10829.974937343359	0.9943012805515956
10830.025062656641	0.9942691067671527
10830.075187969926	0.9942309420284344
10830.125313283208	0.9941869149223654
10830.17543859649	0.9941376952869909
10830.225563909775	0.9940847865250272
10830.275689223057	0.9940301027252892
10830.325814536342	0.9939758236675944
10830.375939849624	0.993924924488711
10830.426065162907	0.993881574109156
10830.47619047619	0.9938503788235988
10830.526315789473	0.9938347060296965
10830.576441102758	0.9938355830385107
10830.62656641604	0.9938522443768998
10830.676691729323	0.9938836577333183
10830.726817042607	0.9939293119438204
10830.77694235589	0.9939884052043266
10830.827067669174	0.9940583743443335
10830.877192982456	0.9941345106583493
10830.927318295739	0.9942113812078724
10830.977443609023	0.9942850038412888
10831.027568922305	0.9943540022249714
10831.07769423559	0.9944189102942925
10831.127819548872	0.9944803720424926
10831.177944862155	0.994537765300941
10831.228070175439	0.9945892559238901
10831.278195488721	0.994633049023603
10831.328320802006	0.9946686871259004
10831.378446115288	0.994697345947351
10831.42857142857	0.9947210455774876
10831.478696741855	0.994741664293854
10831.528822055137	0.9947607660728798
10831.578947368422	0.9947804312264628
10831.629072681704	0.994804257010257
10831.679197994987	0.994837431802795
10831.729323308271	0.9948855759633897
10831.779448621553	0.9949531353766281
10831.829573934838	0.9950424239887445
10831.87969924812	0.9951537086348498
10831.929824561403	0.9952858287120049
10831.979949874687	0.9954366154119044
10832.03007518797	0.9956029082086739
10832.080200501254	0.9957805958048142
10832.130325814536	0.9959650986682753
10832.180451127819	0.9961520844109889
10832.230576441103	0.9963377861260068
10832.280701754386	0.9965186731664426
10832.33082706767	0.9966909970968274
10832.380952380952	0.9968509651608817
10832.431077694235	0.9969956214154616
10832.481203007519	0.9971236585758995
10832.531328320802	0.9972353418991148
10832.581453634086	0.9973315624233866
10832.631578947368	0.9974128526091081
10832.68170426065	0.9974792073643186
10832.731829573935	0.9975307657796685
10832.781954887218	0.9975685496518764
10832.832080200502	0.9975944316707903
10832.882205513784	0.997610432641663
10832.932330827067	0.9976182565821211
10832.982456140351	0.997619673272251
10833.032581453634	0.9976173986224084
10833.082706766918	0.9976157156267401
10833.1328320802	0.9976205108489975
10833.182957393483	0.9976388847773362
10833.233082706767	0.9976784410340299
10833.28320802005	0.9977460802162429
10833.333333333334	0.9978462724014957
10833.383458646616	0.9979794178307421
10833.433583959899	0.9981412793118146
10833.483709273183	0.9983239345342405
10833.533834586466	0.9985176745191362
10833.58395989975	0.998712828177738
10833.634085213032	0.9989009561875949
10833.684210526315	0.9990755016560454
10833.7343358396	0.9992321136912949
10833.784461152882	0.9993686365106558
10833.834586466166	0.9994847347061895
10833.884711779448	0.9995813629305421
10833.934837092731	0.9996603582460054
10833.984962406015	0.999724185957991
10834.035087719298	0.999775655314489
10834.085213032582	0.99981750897699
10834.135338345865	0.999852013624271
10834.185463659147	0.9998807505338215
10834.235588972431	0.9999046775568887
10834.285714285714	0.9999243667936752
10834.335839598998	0.9999402566302522
10834.38596491228	0.9999528059431754
10834.436090225563	0.9999625302358406
10834.486215538847	0.9999699634332113
10834.53634085213	0.9999756019395727
10834.586466165414	0.9999798667747674
10834.636591478697	0.9999830927372942
10834.686716791979	0.9999855370186846
10834.736842105263	0.9999873956631603
10834.786967418546	0.9999888195012362
10834.83709273183	0.9999899260295998
10834.887218045113	0.9999908071185514
10834.937343358395	0.9999915338416799
10834.98746867168	0.9999921597917102
10835.037593984962	0.9999927237810862
10835.087719298246	0.9999932523383285
10835.137844611529	0.9999937620941731
10835.187969924813	0.9999942620095742
10835.238095238095	0.9999947553704275
10835.288220551378	0.9999952414997623
10835.338345864662	0.9999957171761044
10835.388471177945	0.9999961777758014
10835.438596491229	0.9999966181711213
10835.488721804511	0.9999970334170483
10835.538847117794	0.9999974192535946
10835.588972431078	0.9999977724431935
10835.63909774436	0.9999980909582784
10835.689223057645	0.9999983740342104
10835.739348370927	0.9999986221063794
10835.78947368421	0.9999988366557743
10835.839598997494	0.9999990199919658
10835.889724310777	0.9999991750044903
10835.939849624061	0.9999993049120879
10835.989974937344	0.9999994130344176
10836.040100250626	0.9999995026035865
10836.09022556391	0.9999995766246637
10836.140350877193	0.9999996377866951
10836.190476190477	0.9999996884195855
10836.24060150376	0.9999997304882281
10836.290726817042	0.9999997656135496
10836.340852130326	0.9999997951101572
10836.390977443609	0.999999820031739
10836.441102756893	0.9999998412174537
10836.491228070176	0.999999859334806
10836.541353383458	0.9999998749165586
10836.591478696742	0.9999998883908301
10836.641604010025	0.9999999001046042
10836.69172932331	0.999999910341546
10836.741854636592	0.9999999193352235
10836.791979949874	0.9999999272788556
10836.842105263158	0.9999999343325991
10836.89223057644	0.9999999406290951
10836.942355889725	0.999999946277885
10836.992481203008	0.9999999513690492
10837.04260651629	0.9999999559763102
10837.092731829574	0.9999999601597438
10837.142857142857	0.9999999639681725
10837.192982456141	0.999999967441272
10837.243107769424	0.9999999706114127
10837.293233082706	0.9999999735052433
10837.34335839599	0.9999999761450328
10837.393483709273	0.9999999785497787
10837.443609022557	0.9999999807361033
10837.49373433584	0.9999999827189494
10837.543859649122	0.9999999845121095
10837.593984962406	0.9999999861286017
10837.644110275689	0.9999999875809236
10837.694235588973	0.9999999888812017
10837.744360902256	0.9999999900412658
10837.794486215538	0.9999999910726621
10837.844611528822	0.9999999919866289
10837.894736842105	0.9999999927940368
10837.94486215539	0.9999999935053318
10837.994987468672	0.9999999941304674
10838.045112781954	0.9999999946788363
10838.095238095239	0.9999999951592252
10838.145363408521	0.9999999955797766
10838.195488721805	0.9999999959479584
10838.245614035088	0.9999999962705661
10838.29573934837	0.9999999965537195
10838.345864661655	0.9999999968028889
10838.395989974937	0.9999999970229163
10838.446115288221	0.9999999972180548
10838.496240601504	0.9999999973920168
10838.546365914786	0.9999999975480091
10838.59649122807	0.999999997688791
10838.646616541353	0.9999999978167158
10838.696741854637	0.9999999979337763
10838.74686716792	0.9999999980416584
10838.796992481202	0.999999998141772
10838.847117794487	0.9999999982352952
10838.89724310777	0.9999999983232041
10838.947368421053	0.9999999984063089
10838.997493734336	0.9999999984852795
10839.047619047618	0.9999999985606617
10839.097744360903	0.9999999986329083
10839.147869674185	0.9999999987023918
10839.19799498747	0.9999999987694139
10839.248120300752	0.999999998834227
10839.298245614034	0.9999999988970357
10839.348370927319	0.9999999989580117
10839.398496240601	0.9999999990172993
10839.448621553885	0.9999999990750161
10839.498746867168	0.999999999131265
10839.54887218045	0.9999999991861311
10839.598997493735	0.9999999992396905
10839.649122807017	0.9999999992920067
10839.699248120301	0.9999999993431373
10839.749373433584	0.9999999993931348
10839.799498746866	0.9999999994420452
10839.84962406015	0.9999999994899095
10839.899749373433	0.9999999995367647
10839.949874686718	0.9999999995826488
10840.0	0.9999999996275944
