10820.0	1.0
10820.050125313282	0.9999999999594148
10820.100250626567	0.9999999999180618
10820.15037593985	0.9999999998759129
10820.200501253134	0.9999999998329536
10820.250626566416	0.999999999789166
10820.300751879699	0.9999999997445299
10820.350877192983	0.9999999996990275
10820.401002506265	0.999999999652641
10820.45112781955	0.9999999996053505
10820.501253132832	0.9999999995571364
10820.551378446115	0.9999999995079827
10820.601503759399	0.9999999994578672
10820.651629072681	0.9999999994067715
10820.701754385966	0.9999999993546762
10820.751879699248	0.9999999993015621
10820.80200501253	0.9999999992474086
10820.852130325815	0.9999999991921957
10820.902255639097	0.9999999991359035
10820.952380952382	0.9999999990785118
10821.002506265664	0.9999999990199956
10821.052631578947	0.9999999989603364
10821.10275689223	0.9999999988995107
10821.152882205513	0.999999998837492
10821.203007518798	0.9999999987742559
10821.25313283208	0.9999999987097797
10821.303258145363	0.9999999986440327
10821.353383458647	0.9999999985769851
10821.40350877193	0.9999999985086077
10821.453634085214	0.9999999984388628
10821.503759398496	0.9999999983677184
10821.553884711779	0.9999999982951314
10821.604010025063	0.999999998221062
10821.654135338345	0.9999999981454635
10821.70426065163	0.9999999980682874
10821.754385964912	0.9999999979894786
10821.804511278195	0.9999999979089759
10821.854636591479	0.9999999978267182
10821.904761904761	0.9999999977426313
10821.954887218046	0.9999999976566417
10822.005012531328	0.9999999975686661
10822.05513784461	0.9999999974786117
10822.105263157895	0.9999999973863787
10822.155388471178	0.9999999972918592
10822.205513784462	0.9999999971949376
10822.255639097744	0.9999999970954797
10822.305764411027	0.9999999969933477
10822.355889724311	0.9999999968883878
10822.406015037594	0.9999999967804283
10822.456140350878	0.9999999966692898
10822.50626566416	0.9999999965547655
10822.556390977443	0.9999999964366312
10822.606516290727	0.9999999963146347
10822.65664160401	0.999999996188499
10822.706766917294	0.9999999960578961
10822.756892230576	0.9999999959224575
10822.807017543859	0.9999999957817407
10822.857142857143	0.9999999956352126
10822.907268170426	0.9999999954822023
10822.95739348371	0.9999999953218498
10823.007518796992	0.9999999951530166
10823.057644110275	0.9999999949741503
10823.10776942356	0.9999999947830865
10823.157894736842	0.999999994576769
10823.208020050126	0.9999999943508259
10823.258145363408	0.999999994098962
10823.30827067669	0.9999999938121248
10823.358395989975	0.9999999934773331
10823.408521303258	0.9999999930761011
10823.458646616542	0.9999999925823551
10823.508771929824	0.9999999919597782
10823.558897243107	0.9999999911584543
10823.609022556391	0.9999999901108184
10823.659147869674	0.999999988726791
10823.709273182958	0.9999999868881202
10823.75939849624	0.9999999844416924
10823.809523809523	0.9999999811915292
10823.859649122807	0.9999999768886805
10823.90977443609	0.9999999712177324
10823.959899749374	0.9999999637778584
10824.010025062656	0.9999999540555242
10824.060150375939	0.9999999413853817
10824.110275689223	0.9999999248957914
10824.160401002506	0.9999999034363759
10824.21052631579	0.9999998754870157
10824.260651629073	0.9999998390508866
10824.310776942355	0.9999997915371571
10824.36090225564	0.999999729640371
10824.411027568922	0.9999996492199705
10824.461152882206	0.9999995451722646
10824.511278195489	0.9999994112657534
10824.561403508771	0.999999239879643
10824.611528822055	0.9999990215492711
10824.661654135338	0.9999987441918468
10824.711779448622	0.9999983918792381
10824.761904761905	0.9999979430664214
10824.812030075187	0.9999973683051032
10824.862155388471	0.9999966277013057
10824.912280701754	0.9999956687244749
10824.962406015038	0.9999944254011451
10825.01253132832	0.9999928202872925
10825.062656641605	0.999990770642093
10825.112781954887	0.9999881995758422
10825.16290726817	0.9999850513644234
10825.213032581454	0.9999813077311276
10825.263157894737	0.9999769994163568
10825.313283208021	0.9999722060732988
10825.363408521303	0.9999670388257754
10825.413533834586	0.9999616044100118
10825.46365914787	0.9999559570415234
10825.513784461153	0.999950051807494
10825.563909774437	0.9999437182050632
10825.61403508772	0.9999366710670231
10825.664160401002	0.9999285665742443
10825.714285714286	0.999919094523131
10825.764411027569	0.9999080798795597
10825.814536340853	0.9998955553639202
10825.864661654135	0.9998817699539286
10825.914786967418	0.9998671175558106
10825.964912280702	0.9998519992723127
10826.015037593985	0.999836659373321
10826.065162907269	0.9998210470985458
10826.115288220552	0.999804748307071
10826.165413533834	0.9997870072071509
10826.215538847118	0.999766831086177
10826.2656641604	0.9997431524864187
10826.315789473685	0.999715018042046
10826.365914786968	0.9996817751603367
10826.41604010025	0.9996432267346336
10826.466165413534	0.9995997164196437
10826.516290726817	0.999552100814236
10826.566416040101	0.9995015746866788
10826.616541353384	0.999449349836335
10826.666666666666	0.999396241734911
10826.71679197995	0.9993422725274974
10826.766917293233	0.9992864313645134
10826.817042606517	0.99922672226432
10826.8671679198	0.9991605621440678
10826.917293233082	0.9990854726482433
10826.967418546366	0.9989998764540156
10827.017543859649	0.9989037259374182
10827.067669172933	0.9987987145393842
10827.117794486216	0.9986879540350141
10827.167919799498	0.998575193046679
10827.218045112782	0.9984638273385703
10827.268170426065	0.9983560418960282
10827.31829573935	0.9982523835393086
10827.368421052632	0.9981518901969455
10827.418546365914	0.9980526676129808
10827.468671679198	0.9979526293553412
10827.518796992481	0.9978501032472601
10827.568922305765	0.9977441539983036
10827.619047619048	0.9976346623720206
10827.66917293233	0.9975222949062491
10827.719298245614	0.997408442598359
10827.769423558897	0.9972950783683449
10827.819548872181	0.9971844180032708
10827.869674185464	0.9970783474238304
10827.919799498746	0.9969777534913394
10827.96992481203	0.9968820235358058
10828.020050125313	0.9967889380743856
10828.070175438597	0.9966949847672978
10828.12030075188	0.996595919507006
10828.170426065162	0.9964873441968566
10828.220551378447	0.9963651681813978
10828.270676691729	0.9962259418825385
10828.320802005013	0.9960670874264054
10828.370927318296	0.9958870339910986
10828.421052631578	0.9956852947612951
10828.471177944863	0.9954625906435537
10828.521303258145	0.9952211051126596
10828.57142857143	0.9949647884238998
10828.621553884712	0.9946994550169876
10828.671679197994	0.9944324175405416
10828.721804511279	0.9941715917563078
10828.771929824561	0.9939242566849732
10828.822055137845	0.9936958406694227
10828.872180451128	0.9934891550326342
10828.92230576441	0.9933043517437242
10828.972431077695	0.9931395570689019
10829.022556390977	0.9929918192114161
10829.072681704261	0.9928579487941732
10829.122807017544	0.9927350639773781
10829.172932330826	0.9926209414096142
10829.22305764411	0.992514351404925
10829.273182957393	0.9924153831289971
10829.323308270677	0.9923255431042294
10829.37343358396	0.992247369705577
10829.423558897242	0.9921835214917171
10829.473684210527	0.9921356354006223
10829.52380952381	0.9921034638402121
10829.573934837093	0.9920847064767692
10829.624060150376	0.9920755893416406
10829.674185463658	0.9920718528725302
10829.724310776943	0.9920696616309204
10829.774436090225	0.9920661250051356
10829.82456140351	0.9920594450634005
10829.874686716792	0.9920488987626618
10829.924812030074	0.9920347886216965
10829.974937343359	0.9920183268062374
10830.025062656641	0.9920013980927972
10830.075187969926	0.9919862638195054
10830.125313283208	0.9919753060665795
10830.17543859649	0.9919708069313514
10830.225563909775	0.9919746804362761
10830.275689223057	0.9919881378784209
10830.325814536342	0.9920113729521407
10830.375939849624	0.9920433847793574
10830.426065162907	0.992082040497305
10830.47619047619	0.9921244456585528
10830.526315789473	0.9921675780205068
10830.576441102758	0.9922089671459794
10830.62656641604	0.9922471583708932
10830.676691729323	0.9922818727356181
10830.726817042607	0.9923139644025707
10830.77694235589	0.9923452811386412
10830.827067669174	0.9923784220024352
10830.877192982456	0.9924163414990638
10830.927318295739	0.9924618266703472
10830.977443609023	0.9925170103608308
10831.027568922305	0.9925831736614209
10831.07769423559	0.9926610138160652
10831.127819548872	0.9927512861469174
10831.177944862155	0.9928554484800677
10831.228070175439	0.9929758967013279
10831.278195488721	0.9931156209738939
10831.328320802006	0.9932774121750103
10831.378446115288	0.9934629031933379
10831.42857142857	0.9936717587646363
10831.478696741855	0.9939013191686549
10831.528822055137	0.9941468965044533
10831.578947368422	0.9944026252651591
10831.629072681704	0.994662443635727
10831.679197994987	0.9949207649838816
10831.729323308271	0.9951727538505518
10831.779448621553	0.9954144760047244
10831.829573934838	0.9956431720323264
10831.87969924812	0.9958575793288763
10831.929824561403	0.9960579965084907
10831.979949874687	0.996245896725616
10832.03007518797	0.996423220091802
10832.080200501254	0.9965916957004007
10832.130325814536	0.9967524923689038
10832.180451127819	0.9969062627203052
10832.230576441103	0.9970534240918433
10832.280701754386	0.9971944321163736
10832.33082706767	0.9973298540565297
10832.380952380952	0.9974601896858757
10832.431077694235	0.9975855502472186
10832.481203007519	0.9977054097849538
10832.531328320802	0.9978186216937712
10832.581453634086	0.9979237469406866
10832.631578947368	0.9980195556950037
10832.68170426065	0.9981054642965007
10832.731829573935	0.998181722602932
10832.781954887218	0.9982493281596857
10832.832080200502	0.9983097906556567
10832.882205513784	0.9983649033968128
10832.932330827067	0.9984165992276253
10832.982456140351	0.9984668634321786
10833.032581453634	0.9985176332470902
10833.082706766918	0.998570649715673
10833.1328320802	0.9986272914950534
10833.182957393483	0.9986884516119591
10833.233082706767	0.998754499606931
10833.28320802005	0.9988253295143835
10833.333333333334	0.9989004623912314
10833.383458646616	0.9989791622628601
10833.433583959899	0.9990605293678063
10833.483709273183	0.9991435479462552
10833.533834586466	0.9992270875715044
10833.58395989975	0.9993098834439574
10833.634085213032	0.9993905384493146
10833.684210526315	0.9994675840562652
10833.7343358396	0.9995396080924245
10833.784461152882	0.9996054211187799
10833.834586466166	0.9996642102446244
10833.884711779448	0.9997156311162136
10833.934837092731	0.9997598118705879
10833.984962406015	0.9997972735133486
10834.035087719298	0.9998287954693257
10834.085213032582	0.9998552653979959
10834.135338345865	0.9998775487669067
10834.185463659147	0.9998964009009423
10834.235588972431	0.9999124283247528
10834.285714285714	0.999926092329827
10834.335839598998	0.9999377391390974
10834.38596491228	0.9999476389944874
10834.436090225563	0.9999560200431902
10834.486215538847	0.9999630895615615
10834.53634085213	0.9999690418390169
10834.586466165414	0.9999740566526354
10834.636591478697	0.9999782938397316
10834.686716791979	0.9999818885570348
10834.736842105263	0.9999849496779943
10834.786967418546	0.9999875616678818
10834.83709273183	0.9999897889190934
10834.887218045113	0.9999916810698299
10834.937343358395	0.9999932780281435
10834.98746867168	0.9999946139227617
10835.037593984962	0.9999957197137777
10835.087719298246	0.9999966245675078
10835.137844611529	0.9999973562959416
10835.187969924813	0.9999979412143504
10835.238095238095	0.9999984037334025
10835.288220551378	0.9999987659218378
10835.338345864662	0.9999990471854093
10835.388471177945	0.9999992641270642
10835.438596491229	0.99999943059222
10835.488721804511	0.9999995578645275
10835.538847117794	0.9999996549602745
10835.588972431078	0.999999728968474
10835.63909774436	0.999999785393309
10835.689223057645	0.9999998284692461
10835.739348370927	0.999999861433055
10835.78947368421	0.9999998867479873
10835.839598997494	0.9999999062825359
10835.889724310777	0.9999999214500669
10835.939849624061	0.9999999333166464
10835.989974937344	0.9999999426839695
10836.040100250626	0.9999999501531698
10836.09022556391	0.9999999561739308
10836.140350877193	0.9999999610822259
10836.190476190477	0.999999965129214
10836.24060150376	0.9999999685031591
10836.290726817042	0.9999999713459147
10836.340852130326	0.9999999737651437
10836.390977443609	0.999999975843308
10836.441102756893	0.9999999776442028
10836.491228070176	0.9999999792176962
10836.541353383458	0.9999999806031609
10836.591478696742	0.9999999818319697
10836.641604010025	0.9999999829293252
10836.69172932331	0.9999999839156238
10836.741854636592	0.9999999848074856
10836.791979949874	0.999999985618537
10836.842105263158	0.9999999863600116
10836.89223057644	0.9999999870412439
10836.942355889725	0.9999999876700123
10836.992481203008	0.9999999882528572
10837.04260651629	0.9999999887952986
10837.092731829574	0.999999989302024
10837.142857142857	0.999999989777034
10837.192982456141	0.9999999902237581
10837.243107769424	0.9999999906451481
10837.293233082706	0.9999999910437454
10837.34335839599	0.99999999142176
10837.393483709273	0.9999999917810976
10837.443609022557	0.9999999921234145
10837.49373433584	0.9999999924501515
10837.543859649122	0.999999992762561
10837.593984962406	0.9999999930617288
10837.644110275689	0.9999999933486023
10837.694235588973	0.9999999936240047
10837.744360902256	0.9999999938886587
10837.794486215538	0.9999999941431892
10837.844611528822	0.9999999943881529
10837.894736842105	0.9999999946240331
10837.94486215539	0.9999999948512623
10837.994987468672	0.9999999950702286
10838.045112781954	0.9999999952812773
10838.095238095239	0.9999999954847238
10838.145363408521	0.999999995680858
10838.195488721805	0.999999995869954
10838.245614035088	0.9999999960522552
10838.29573934837	0.9999999962280084
10838.345864661655	0.9999999963974348
10838.395989974937	0.9999999965607599
10838.446115288221	0.9999999967181907
10838.496240601504	0.9999999968699387
10838.546365914786	0.9999999970162018
10838.59649122807	0.9999999971571788
10838.646616541353	0.999999997293067
10838.696741854637	0.9999999974240522
10838.74686716792	0.9999999975503234
10838.796992481202	0.9999999976720645
10838.847117794487	0.9999999977894567
10838.89724310777	0.9999999979026748
10838.947368421053	0.9999999980118913
10838.997493734336	0.9999999981172705
10839.047619047618	0.9999999982189791
10839.097744360903	0.9999999983171729
10839.147869674185	0.9999999984120066
10839.19799498747	0.9999999985036243
10839.248120300752	0.9999999985921717
10839.298245614034	0.9999999986777831
10839.348370927319	0.9999999987605876
10839.398496240601	0.9999999988407134
10839.448621553885	0.999999998918278
10839.498746867168	0.999999998993397
10839.54887218045	0.9999999990661762
10839.598997493735	0.9999999991367214
10839.649122807017	0.999999999205127
10839.699248120301	0.9999999992714896
10839.749373433584	0.9999999993358932
10839.799498746866	0.9999999993984228
10839.84962406015	0.9999999994591572
10839.899749373433	0.9999999995181708
10839.949874686718	0.9999999995755315
10840.0	0.9999999996313098
