10820.0	1.0
10820.050125313282	0.9999999993301297
10820.100250626567	0.9999999986474948
10820.15037593985	0.9999999979517115
10820.200501253134	0.9999999972423601
10820.250626566416	0.9999999965190104
10820.300751879699	0.9999999957811987
10820.350877192983	0.9999999950284465
10820.401002506265	0.9999999942602443
10820.45112781955	0.9999999934760617
10820.501253132832	0.9999999926753311
10820.551378446115	0.9999999918574578
10820.601503759399	0.999999991021807
10820.651629072681	0.9999999901677097
10820.701754385966	0.9999999892944501
10820.751879699248	0.9999999884012711
10820.80200501253	0.9999999874873582
10820.852130325815	0.9999999865518469
10820.902255639097	0.9999999855937992
10820.952380952382	0.9999999846122144
10821.002506265664	0.99999998360602
10821.052631578947	0.9999999825740311
10821.10275689223	0.9999999815149972
10821.152882205513	0.9999999804275274
10821.203007518798	0.9999999793101266
10821.25313283208	0.9999999781611366
10821.303258145363	0.9999999769787495
10821.353383458647	0.9999999757609682
10821.40350877193	0.99999997450559
10821.453634085214	0.999999973210146
10821.503759398496	0.9999999718719051
10821.553884711779	0.9999999704878066
10821.604010025063	0.9999999690544017
10821.654135338345	0.9999999675678128
10821.70426065163	0.9999999660236463
10821.754385964912	0.9999999644169154
10821.804511278195	0.9999999627419499
10821.854636591479	0.9999999609922379
10821.904761904761	0.9999999591603537
10821.954887218046	0.9999999572377275
10822.005012531328	0.9999999552145079
10822.05513784461	0.9999999530793062
10822.105263157895	0.9999999508189406
10822.155388471178	0.99999994841814
10822.205513784462	0.999999945859175
10822.255639097744	0.9999999431214713
10822.305764411027	0.9999999401811059
10822.355889724311	0.9999999370102841
10822.406015037594	0.9999999335767045
10822.456140350878	0.999999929842883
10822.50626566416	0.9999999257653351
10822.556390977443	0.9999999212936935
10822.606516290727	0.9999999163697338
10822.65664160401	0.9999999109262256
10822.706766917294	0.9999999048857134
10822.756892230576	0.9999998981590592
10822.807017543859	0.999999890643808
10822.857142857143	0.9999998822221927
10822.907268170426	0.9999998727586547
10822.95739348371	0.9999998620966738
10823.007518796992	0.9999998500544706
10823.057644110275	0.9999998364190825
10823.10776942356	0.9999998209380014
10823.157894736842	0.9999998033072138
10823.208020050126	0.9999997831540551
10823.258145363408	0.9999997600127631
10823.30827067669	0.9999997332896798
10823.358395989975	0.9999997022143599
10823.408521303258	0.9999996657713714
10823.458646616542	0.9999996226062343
10823.508771929824	0.9999995708969015
10823.558897243107	0.9999995081798465
10823.609022556391	0.9999994311170348
10823.659147869674	0.9999993351868303
10823.709273182958	0.9999992142787582
10823.75939849624	0.9999990601700046
10823.809523809523	0.9999988618611229
10823.859649122807	0.9999986047520724
10823.90977443609	0.9999982696488694
10823.959899749374	0.9999978316060918
10824.010025062656	0.9999972586314545
10824.060150375939	0.9999965102993807
10824.110275689223	0.9999955363328553
10824.160401002506	0.9999942752007221
10824.21052631579	0.9999926527239046
10824.260651629073	0.9999905805734061
10824.310776942355	0.9999879543735861
10824.36090225564	0.9999846509217587
10824.411027568922	0.9999805238656931
10824.461152882206	0.9999753971580325
10824.511278195489	0.9999690558772646
10824.561403508771	0.9999612347071052
10824.611528822055	0.9999516055484919
10824.661654135338	0.999939767262048
10824.711779448622	0.9999252419942962
10824.761904761905	0.9999074832651603
10824.812030075187	0.9998859002472844
10824.862155388471	0.9998598999833669
10824.912280701754	0.9998289448507062
10824.962406015038	0.9997926173960617
10825.01253132832	0.9997506803128284
10825.062656641605	0.9997031174074924
10825.112781954887	0.9996501429144135
10825.16290726817	0.9995921715812107
10825.213032581454	0.9995297497548188
10825.263157894737	0.9994634565828915
10825.313283208021	0.9993937920277163
10825.363408521303	0.999321072054609
10825.413533834586	0.9992453491947813
10825.46365914787	0.9991663685338733
10825.513784461153	0.9990835570643061
10825.563909774437	0.9989960319308833
10825.61403508772	0.9989026044857185
10825.664160401002	0.9988017555430845
10825.714285714286	0.9986915645508209
10825.764411027569	0.9985695914867959
10825.814536340853	0.9984327328807445
10825.864661654135	0.9982770974327625
10825.914786967418	0.9980979641935332
10825.964912280702	0.9978898874383927
10826.015037593985	0.9976469898858801
10826.065162907269	0.9973634409080626
10826.115288220552	0.9970340619557743
10826.165413533834	0.996654958307162
10826.215538847118	0.9962240610982527
10826.2656641604	0.9957414792786425
10826.315789473685	0.9952095983301525
10826.365914786968	0.9946329093999627
10826.41604010025	0.9940175998234655
10826.466165413534	0.993370974872639
10826.516290726817	0.9927008016974285
10826.566416040101	0.9920146677481995
10826.616541353384	0.9913194357004667
10826.666666666666	0.9906208616748228
10826.71679197995	0.9899234159744457
10826.766917293233	0.9892302938931548
10826.817042606517	0.9885435364386539
10826.8671679198	0.9878641302437926
10826.917293233082	0.987191955242577
10826.967418546366	0.9865255034448398
10827.017543859649	0.9858613831983011
10827.067669172933	0.985193727087939
10827.117794486216	0.98451371454931
10827.167919799498	0.9838094648188966
10827.218045112782	0.9830665045929583
10827.268170426065	0.9822688542028248
10827.31829573935	0.9814005681925171
10827.368421052632	0.9804474212848252
10827.418546365914	0.9793984163437494
10827.468671679198	0.9782468714553391
10827.518796992481	0.9769909275891795
10827.568922305765	0.9756333638994679
10827.619047619048	0.9741806591590523
10827.66917293233	0.972641376651607
10827.719298245614	0.9710242348164604
10827.769423558897	0.9693366378358522
10827.819548872181	0.9675847646496613
10827.869674185464	0.9657760357454866
10827.919799498746	0.9639233686184261
10827.96992481203	0.9620485826680767
10828.020050125313	0.9601818506976993
10828.070175438597	0.9583570410147672
10828.12030075188	0.9566066285896939
10828.170426065162	0.9549596732467593
10828.220551378447	0.9534426604880032
10828.270676691729	0.9520810487909896
10828.320802005013	0.9509003531192807
10828.370927318296	0.949926304167592
10828.421052631578	0.9491831262514624
10828.471177944863	0.9486893602569629
10828.521303258145	0.9484526851091133
10828.57142857143	0.9484667432327701
10828.621553884712	0.9487120057972639
10828.671679197994	0.9491597891216913
10828.721804511279	0.9497764849050504
10828.771929824561	0.9505260453201816
10828.822055137845	0.9513708736446004
10828.872180451128	0.9522721014406669
10828.92230576441	0.9531904459832661
10828.972431077695	0.954088854537068
10829.022556390977	0.9549367486791958
10829.072681704261	0.9557137157235321
10829.122807017544	0.9564113649482762
10829.172932330826	0.9570326113452878
10829.22305764411	0.9575850133406839
10829.273182957393	0.9580692922584412
10829.323308270677	0.95847227262726
10829.37343358396	0.9587719360033402
10829.423558897242	0.9589513102942667
10829.473684210527	0.9590125013070715
10829.52380952381	0.9589847585680279
10829.573934837093	0.9589171052926965
10829.624060150376	0.9588572009936441
10829.674185463658	0.9588380939861566
10829.724310776943	0.9588784582728358
10829.774436090225	0.9589858683010296
10829.82456140351	0.9591602762955155
10829.874686716792	0.9593996074141922
10829.924812030074	0.9597046803439157
10829.974937343359	0.9600792331707841
10830.025062656641	0.9605271844396197
10830.075187969926	0.9610530762260382
10830.125313283208	0.9616654113764278
10830.17543859649	0.9623750542001247
10830.225563909775	0.9631880191745573
10830.275689223057	0.964100142501986
10830.325814536342	0.9650933453700694
10830.375939849624	0.9661352257372652
10830.426065162907	0.9671882431542911
10830.47619047619	0.9682201953330233
10830.526315789473	0.9692065067762252
10830.576441102758	0.9701305167788987
10830.62656641604	0.9709852613465041
10830.676691729323	0.9717689395448322
10830.726817042607	0.9724748625130144
10830.77694235589	0.9730896267640307
10830.827067669174	0.973602790824379
10830.877192982456	0.9740156393985614
10830.927318295739	0.9743420374971941
10830.977443609023	0.9746035354234389
10831.027568922305	0.9748240443696787
10831.07769423559	0.9750269862914702
10831.127819548872	0.9752337756188629
10831.177944862155	0.9754624381050498
10831.228070175439	0.9757262310781057
10831.278195488721	0.9760324515413572
10831.328320802006	0.9763817118798729
10831.378446115288	0.976768001912799
10831.42857142857	0.9771797126013216
10831.478696741855	0.97760151773133
10831.528822055137	0.978016784276383
10831.578947368422	0.978410086884717
10831.629072681704	0.9787693798150406
10831.679197994987	0.9790874219820812
10831.729323308271	0.9793622260681079
10831.779448621553	0.9795965981454902
10831.829573934838	0.9797970897681093
10831.87969924812	0.9799727386957894
10831.929824561403	0.98013384048525
10831.979949874687	0.9802908353705736
10832.03007518797	0.9804533394810417
10832.080200501254	0.9806293751460431
10832.130325814536	0.9808248676202942
10832.180451127819	0.9810434292279867
10832.230576441103	0.9812863801063986
10832.280701754386	0.9815529198599755
10832.33082706767	0.9818403945971209
10832.380952380952	0.9821446644917226
10832.431077694235	0.9824606002170725
10832.481203007519	0.9827826869610343
10832.531328320802	0.9831056304776973
10832.581453634086	0.9834248237279914
10832.631578947368	0.9837365947797618
10832.68170426065	0.9840382767862977
10832.731829573935	0.9843282179925368
10832.781954887218	0.984605819108099
10832.832080200502	0.9848715807465972
10832.882205513784	0.9851270543064479
10832.932330827067	0.9853745788008712
10832.982456140351	0.9856167666677995
10833.032581453634	0.9858558453403777
10833.082706766918	0.986093082082151
10833.1328320802	0.9863285035454016
10833.182957393483	0.9865609589612409
10833.233082706767	0.9867884115125226
10833.28320802005	0.9870083106901286
10833.333333333334	0.987217971977798
10833.383458646616	0.9874149578762618
10833.433583959899	0.9875974576855028
10833.483709273183	0.9877646106289445
10833.533834586466	0.9879166626466638
10833.58395989975	0.9880548739180706
10833.634085213032	0.9881812213307252
10833.684210526315	0.9882980724989552
10833.7343358396	0.9884080319862444
10833.784461152882	0.9885140516952705
10833.834586466166	0.9886197240766151
10833.884711779448	0.9887295548283578
10833.934837092731	0.9888490337656727
10833.984962406015	0.9889844593640758
10834.035087719298	0.9891425768677792
10834.085213032582	0.9893300702765129
10834.135338345865	0.9895528905677097
10834.185463659147	0.9898154368299831
10834.235588972431	0.9901197254061399
10834.285714285714	0.9904647721283829
10834.335839598998	0.9908464001932029
10834.38596491228	0.9912575741583792
10834.436090225563	0.9916891999107711
10834.486215538847	0.9921312030275128
10834.53634085213	0.9925736670516795
10834.586466165414	0.9930078604561334
10834.636591478697	0.9934270338384451
10834.686716791979	0.9938268957735144
10834.736842105263	0.9942057107049547
10834.786967418546	0.9945640323437129
10834.83709273183	0.9949041629089821
10834.887218045113	0.9952294661216269
10834.937343358395	0.9955436508520876
10834.98746867168	0.9958501119787676
10835.037593984962	0.9961513954449872
10835.087719298246	0.9964488480473491
10835.137844611529	0.9967424989143105
10835.187969924813	0.9970311828129196
10835.238095238095	0.9973128617424222
10835.288220551378	0.9975850543649865
10835.338345864662	0.9978452647449412
10835.388471177945	0.9980913191193078
10835.438596491229	0.9983215617278803
10835.488721804511	0.9985349090725304
10835.538847117794	0.9987307987353051
10835.588972431078	0.9989090848098644
10835.63909774436	0.9990699277609502
10835.689223057645	0.9992137096087487
10835.739348370927	0.9993409850745967
10835.78947368421	0.9994524629906902
10835.839598997494	0.9995490034753994
10835.889724310777	0.9996316153024994
10835.939849624061	0.9997014424010159
10835.989974937344	0.9997597353248646
10836.040100250626	0.9998078098406212
10836.09022556391	0.9998469986397431
10836.140350877193	0.9998786031829977
10836.190476190477	0.9999038515346484
10836.24060150376	0.9999238658801052
10836.290726817042	0.9999396412121099
10836.340852130326	0.9999520349515982
10836.390977443609	0.9999617661700066
10836.441102756893	0.9999694224974124
10836.491228070176	0.9999754725746219
10836.541353383458	0.9999802819149953
10836.591478696742	0.999984130219506
10836.641604010025	0.9999872285002657
10836.69172932331	0.9999897347755923
10836.741854636592	0.9999917675490707
10836.791979949874	0.9999934167155923
10836.842105263158	0.9999947518966625
10836.89223057644	0.9999958284643989
10836.942355889725	0.9999966916607734
10836.992481203008	0.9999973792686124
10837.04260651629	0.9999979232675447
10837.092731829574	0.9999983508398521
10837.142857142857	0.9999986850032779
10837.192982456141	0.9999989450603524
10837.243107769424	0.999999146978506
10837.293233082706	0.9999993037581109
10837.34335839599	0.9999994258073291
10837.393483709273	0.9999995213205392
10837.443609022557	0.9999995966473403
10837.49373433584	0.9999996566375072
10837.543859649122	0.9999997049501945
10837.593984962406	0.9999997443202774
10837.644110275689	0.9999997767797059
10837.694235588973	0.9999998038354393
10837.744360902256	0.9999998266082412
10837.794486215538	0.9999998459380648
10837.844611528822	0.9999998624621588
10837.894736842105	0.9999998766717091
10837.94486215539	0.9999998889522037
10837.994987468672	0.99999989961182
10838.045112781954	0.999999908901206
10838.095238095239	0.9999999170272419
10838.145363408521	0.9999999241626949
10838.195488721805	0.9999999304530675
10838.245614035088	0.9999999360215848
10838.29573934837	0.9999999409729694
10838.345864661655	0.9999999453963382
10838.395989974937	0.9999999493675492
10838.446115288221	0.9999999529511452
10838.496240601504	0.9999999562019669
10838.546365914786	0.9999999591665681
10838.59649122807	0.9999999618844154
10838.646616541353	0.9999999643889085
10838.696741854637	0.9999999667083124
10838.74686716792	0.9999999688665097
10838.796992481202	0.9999999708836902
10838.847117794487	0.9999999727769254
10838.89724310777	0.9999999745606558
10838.947368421053	0.999999976247106
10838.997493734336	0.9999999778466718
10839.047619047618	0.9999999793681694
10839.097744360903	0.9999999808191438
10839.147869674185	0.99999998220605
10839.19799498747	0.9999999835344358
10839.248120300752	0.9999999848091072
10839.298245614034	0.999999986034222
10839.348370927319	0.9999999872134251
10839.398496240601	0.9999999883499244
10839.448621553885	0.999999989446543
10839.498746867168	0.9999999905057961
10839.54887218045	0.9999999915299442
10839.598997493735	0.9999999925210187
10839.649122807017	0.9999999934808605
10839.699248120301	0.9999999944111493
10839.749373433584	0.9999999953134235
10839.799498746866	0.9999999961891048
10839.84962406015	0.9999999970394966
10839.899749373433	0.9999999978658248
10839.949874686718	0.9999999986692186
10840.0	0.9999999994507406
