10820.0	1.0
10820.050125313282	0.9999999999577542
10820.100250626567	0.999999999914784
10820.15037593985	0.9999999998710731
10820.200501253134	0.9999999998265986
10820.250626566416	0.9999999997813445
10820.300751879699	0.9999999997352945
10820.350877192983	0.9999999996884273
10820.401002506265	0.9999999996407207
10820.45112781955	0.9999999995921552
10820.501253132832	0.9999999995427095
10820.551378446115	0.9999999994923585
10820.601503759399	0.9999999994410811
10820.651629072681	0.9999999993888538
10820.701754385966	0.9999999993356505
10820.751879699248	0.9999999992814459
10820.80200501253	0.9999999992262123
10820.852130325815	0.9999999991699227
10820.902255639097	0.9999999991125487
10820.952380952382	0.9999999990540605
10821.002506265664	0.9999999989944266
10821.052631578947	0.9999999989336142
10821.10275689223	0.9999999988715929
10821.152882205513	0.9999999988083232
10821.203007518798	0.9999999987437724
10821.25313283208	0.999999998677902
10821.303258145363	0.9999999986106726
10821.353383458647	0.9999999985420454
10821.40350877193	0.9999999984719702
10821.453634085214	0.9999999984004108
10821.503759398496	0.9999999983273145
10821.553884711779	0.9999999982526337
10821.604010025063	0.999999998176316
10821.654135338345	0.9999999980983093
10821.70426065163	0.999999998018549
10821.754385964912	0.99999999793698
10821.804511278195	0.9999999978535378
10821.854636591479	0.9999999977681496
10821.904761904761	0.9999999976807473
10821.954887218046	0.9999999975912475
10822.005012531328	0.9999999974995731
10822.05513784461	0.999999997405629
10822.105263157895	0.9999999973093213
10822.155388471178	0.9999999972105452
10822.205513784462	0.9999999971091851
10822.255639097744	0.9999999970051179
10822.305764411027	0.9999999968982074
10822.355889724311	0.9999999967883006
10822.406015037594	0.9999999966752331
10822.456140350878	0.999999996558811
10822.50626566416	0.9999999964388163
10822.556390977443	0.9999999963150084
10822.606516290727	0.9999999961870945
10822.65664160401	0.9999999960547371
10822.706766917294	0.9999999959175385
10822.756892230576	0.9999999957750075
10822.807017543859	0.9999999956265566
10822.857142857143	0.9999999954714481
10822.907268170426	0.9999999953087706
10822.95739348371	0.9999999951373534
10823.007518796992	0.9999999949557176
10823.057644110275	0.9999999947619265
10823.10776942356	0.9999999945534422
10823.157894736842	0.9999999943268884
10823.208020050126	0.9999999940776978
10823.258145363408	0.9999999937996117
10823.30827067669	0.9999999934839233
10823.358395989975	0.9999999931183375
10823.408521303258	0.9999999926853113
10823.458646616542	0.9999999921595509
10823.508771929824	0.9999999915043367
10823.558897243107	0.9999999906661354
10823.609022556391	0.9999999895667668
10823.659147869674	0.9999999880922377
10823.709273182958	0.9999999860769037
10823.75939849624	0.9999999832815596
10823.809523809523	0.9999999793636575
10823.859649122807	0.9999999738378001
10823.90977443609	0.9999999660246693
10823.959899749374	0.9999999549866582
10824.010025062656	0.9999999394486973
10824.060150375939	0.9999999177025741
10824.110275689223	0.9999998874921373
10824.160401002506	0.9999998458747061
10824.21052631579	0.999999789050806
10824.260651629073	0.9999997121511638
10824.310776942355	0.9999996089692094
10824.36090225564	0.9999994716332098
10824.411027568922	0.999999290228584
10824.461152882206	0.999999052409574
10824.511278195489	0.999998743075499
10824.561403508771	0.9999983442171486
10824.611528822055	0.9999978350428163
10824.661654135338	0.9999971924502183
10824.711779448622	0.9999963918136491
10824.761904761905	0.9999954079268711
10824.812030075187	0.9999942158403198
10824.862155388471	0.9999927913375771
10824.912280701754	0.9999911109764543
10824.962406015038	0.9999891519641709
10825.01253132832	0.9999868925052875
10825.062656641605	0.9999843133897675
10825.112781954887	0.999981401181169
10825.16290726817	0.9999781522955193
10825.213032581454	0.999974575793895
10825.263157894737	0.9999706915802115
10825.313283208021	0.9999665208737463
10825.363408521303	0.9999620679701049
10825.413533834586	0.9999572961381663
10825.46365914787	0.9999521045952094
10825.513784461153	0.9999463157842369
10825.563909774437	0.9999396809882435
10825.61403508772	0.9999319073972963
10825.664160401002	0.9999227025039893
10825.714285714286	0.9999118246480443
10825.764411027569	0.9998991243131109
10825.814536340853	0.9998845613603231
10825.864661654135	0.999868189454749
10825.914786967418	0.999850109427106
10825.964912280702	0.9998304050781137
10826.015037593985	0.9998090832917441
10826.065162907269	0.999786040888617
10826.115288220552	0.9997610719970327
10826.165413533834	0.999733915068736
10826.215538847118	0.9997043247344436
10826.2656641604	0.9996721467310057
10826.315789473685	0.9996373757946142
10826.365914786968	0.9996001828486195
10826.41604010025	0.9995609030825064
10826.466165413534	0.999519977917557
10826.516290726817	0.9994778447813238
10826.566416040101	0.9994347761858965
10826.616541353384	0.9993906882219956
10826.666666666666	0.9993449641344049
10826.71679197995	0.99929635823222
10826.766917293233	0.9992430435679449
10826.817042606517	0.9991828348523695
10826.8671679198	0.9991135610889578
10826.917293233082	0.9990335008046692
10826.967418546366	0.9989417554377377
10827.017543859649	0.9988384462181769
10827.067669172933	0.9987246778323446
10827.117794486216	0.9986022934682119
10827.167919799498	0.9984735130808213
10827.218045112782	0.9983405715869997
10827.268170426065	0.9982054510867162
10827.31829573935	0.9980697491080055
10827.368421052632	0.9979346730667634
10827.418546365914	0.9978011228409963
10827.468671679198	0.9976698195491546
10827.518796992481	0.9975414417041311
10827.568922305765	0.997416727379833
10827.619047619048	0.9972965008909298
10827.66917293233	0.9971815987260196
10827.719298245614	0.9970726982109057
10827.769423558897	0.9969700746447142
10827.819548872181	0.9968733199144784
10827.869674185464	0.9967810610624906
10827.919799498746	0.9966907366763229
10827.96992481203	0.9965985129695487
10828.020050125313	0.9964994152366934
10828.070175438597	0.9963876928115819
10828.12030075188	0.9962573577318624
10828.170426065162	0.996102801538971
10828.220551378447	0.9959194259370471
10828.270676691729	0.9957042750816792
10828.320802005013	0.9954566603211934
10828.370927318296	0.995178704484235
10828.421052631578	0.9948756540556827
10828.471177944863	0.9945557782190346
10828.521303258145	0.9942297150122932
10828.57142857143	0.9939092302627035
10828.621553884712	0.9936055284709114
10828.671679197994	0.9933274758327392
10828.721804511279	0.9930802527510436
10828.771929824561	0.9928648941211687
10828.822055137845	0.992678870814965
10828.872180451128	0.9925174758835718
10828.92230576441	0.9923755108698739
10828.972431077695	0.9922487084220135
10829.022556390977	0.992134462459394
10829.072681704261	0.992031731707582
10829.122807017544	0.9919403401239567
10829.172932330826	0.9918601269939803
10829.22305764411	0.9917903632937696
10829.273182957393	0.991729617240461
10829.323308270677	0.9916760055992877
10829.37343358396	0.9916276207084072
10829.423558897242	0.9915828844275826
10829.473684210527	0.9915406434835446
10829.52380952381	0.9914999860411735
10829.573934837093	0.991459960452266
10829.624060150376	0.9914194668913787
10829.674185463658	0.9913774718934244
10829.724310776943	0.9913334539160208
10829.774436090225	0.9912878373487917
10829.82456140351	0.9912422061719759
10829.874686716792	0.9911991936628081
10829.924812030074	0.9911620194402319
10829.974937343359	0.9911337571722698
10830.025062656641	0.9911166010558422
10830.075187969926	0.991111474365916
10830.125313283208	0.9911181250897143
10830.17543859649	0.9911355318233317
10830.225563909775	0.9911623045634824
10830.275689223057	0.9911968979011695
10830.325814536342	0.991237669139143
10830.375939849624	0.9912829094697059
10830.426065162907	0.991330929936102
10830.47619047619	0.9913801856151433
10830.526315789473	0.9914293389285526
10830.576441102758	0.9914771435590326
10830.62656641604	0.9915221438457634
10830.676691729323	0.9915624089952035
10830.726817042607	0.9915956404215225
10830.77694235589	0.9916198114226175
10830.827067669174	0.9916341519169587
10830.877192982456	0.9916400933084295
10830.927318295739	0.991641845152283
10830.977443609023	0.9916464376816141
10831.027568922305	0.9916632009722789
10831.07769423559	0.9917027474181848
10831.127819548872	0.9917755974172803
10831.177944862155	0.9918906751448381
10831.228070175439	0.9920540128137353
10831.278195488721	0.9922680108137276
10831.328320802006	0.9925313670956187
10831.378446115288	0.992839450353673
10831.42857142857	0.9931847924373891
10831.478696741855	0.9935576203347365
10831.528822055137	0.9939466264753746
10831.578947368422	0.9943401388186187
10831.629072681704	0.9947275338481862
10831.679197994987	0.9951004670511935
10831.729323308271	0.995453489744798
10831.779448621553	0.9957838436762256
10831.829573934838	0.9960905692837972
10831.87969924812	0.9963733900843407
10831.929824561403	0.996631931203703
10831.979949874687	0.9968655875087831
10832.03007518797	0.9970739458556456
10832.080200501254	0.9972573822330901
10832.130325814536	0.9974174455085162
10832.180451127819	0.9975568327502028
10832.230576441103	0.9976789919010908
10832.280701754386	0.997787537856078
10832.33082706767	0.9978857080089106
10832.380952380952	0.9979760325516149
10832.431077694235	0.9980602832043951
10832.481203007519	0.998139636285044
10832.531328320802	0.9982149058107278
10832.581453634086	0.9982867140975058
10832.631578947368	0.9983555523860512
10832.68170426065	0.9984217730556507
10832.731829573935	0.9984855891108816
10832.781954887218	0.9985471303424924
10832.832080200502	0.9986065538904914
10832.882205513784	0.9986641656172525
10832.932330827067	0.9987204935606119
10832.982456140351	0.9987762675465356
10833.032581453634	0.9988322955836071
10833.082706766918	0.9988892749163338
10833.1328320802	0.9989476101806681
10833.182957393483	0.9990073113543165
10833.233082706767	0.9990680076983772
10833.28320802005	0.9991290615425986
10833.333333333334	0.9991897273320894
10833.383458646616	0.9992492952446221
10833.433583959899	0.9993071819797039
10833.483709273183	0.9993629650797359
10833.533834586466	0.999416380659209
10833.58395989975	0.9994673077599281
10833.634085213032	0.9995157502015529
10833.684210526315	0.9995618118893331
10833.7343358396	0.9996056559576985
10833.784461152882	0.9996474452041358
10833.834586466166	0.9996872750173562
10833.884711779448	0.9997251202665555
10833.934837092731	0.9997608170571501
10833.984962406015	0.9997940886302182
10834.035087719298	0.9998246081806174
10834.085213032582	0.9998520782641359
10834.135338345865	0.9998763023521605
10834.185463659147	0.9998972295174481
10834.235588972431	0.9999149644190577
10834.285714285714	0.9999297462773571
10834.335839598998	0.9999419081216824
10834.38596491228	0.9999518296768342
10834.436090225563	0.9999598948261369
10834.486215538847	0.9999664599745822
10834.53634085213	0.9999718350782958
10834.586466165414	0.9999762759201832
10834.636591478697	0.9999799846859535
10834.686716791979	0.9999831156667817
10834.736842105263	0.9999857834193242
10834.786967418546	0.9999880714751945
10834.83709273183	0.9999900404220992
10834.887218045113	0.9999917347531027
10834.937343358395	0.9999931882758833
10834.98746867168	0.999994428116053
10835.037593984962	0.9999954774779874
10835.087719298246	0.9999963573827807
10835.137844611529	0.9999970876156683
10835.187969924813	0.999997687104684
10835.238095238095	0.9999981739288918
10835.288220551378	0.9999985651236633
10835.338345864662	0.999998876414701
10835.388471177945	0.9999991219745932
10835.438596491229	0.9999993142585093
10835.488721804511	0.9999994639429942
10835.538847117794	0.9999995799661006
10835.588972431078	0.9999996696503015
10835.63909774436	0.9999997388812396
10835.689223057645	0.9999997923144416
10835.739348370927	0.9999998335859805
10835.78947368421	0.999999865509611
10835.839598997494	0.999999890249965
10835.889724310777	0.9999999094673899
10835.939849624061	0.9999999244345998
10835.989974937344	0.9999999361280297
10836.040100250626	0.9999999452979618
10836.09022556391	0.9999999525218382
10836.140350877193	0.9999999582445817
10836.190476190477	0.999999962809194
10836.24060150376	0.999999966480066
10836.290726817042	0.9999999694608728
10836.340852130326	0.9999999719083558
10836.390977443609	0.9999999739430068
10836.441102756893	0.9999999756573382
10836.491228070176	0.999999977122304
10836.541353383458	0.9999999783922676
10836.591478696742	0.9999999795088544
10836.641604010025	0.9999999805039094
10836.69172932331	0.9999999814018199
10836.741854636592	0.9999999822212584
10836.791979949874	0.9999999829765646
10836.842105263158	0.9999999836787759
10836.89223057644	0.99999998433644
10836.942355889725	0.9999999849562039
10836.992481203008	0.9999999855432931
10837.04260651629	0.9999999861018325
10837.092731829574	0.9999999866351335
10837.142857142857	0.9999999871458594
10837.192982456141	0.9999999876361862
10837.243107769424	0.9999999881079025
10837.293233082706	0.9999999885624873
10837.34335839599	0.9999999890011793
10837.393483709273	0.9999999894250106
10837.443609022557	0.9999999898348589
10837.49373433584	0.9999999902314615
10837.543859649122	0.9999999906154482
10837.593984962406	0.9999999909873574
10837.644110275689	0.9999999913476524
10837.694235588973	0.9999999916967371
10837.744360902256	0.9999999920349621
10837.794486215538	0.9999999923626391
10837.844611528822	0.9999999926800459
10837.894736842105	0.9999999929874417
10837.94486215539	0.9999999932850594
10837.994987468672	0.9999999935731204
10838.045112781954	0.9999999938518387
10838.095238095239	0.9999999941214143
10838.145363408521	0.9999999943820501
10838.195488721805	0.9999999946339435
10838.245614035088	0.9999999948772917
10838.29573934837	0.9999999951122932
10838.345864661655	0.9999999953391484
10838.395989974937	0.9999999955580584
10838.446115288221	0.9999999957692239
10838.496240601504	0.9999999959728555
10838.546365914786	0.9999999961691599
10838.59649122807	0.9999999963583458
10838.646616541353	0.9999999965406254
10838.696741854637	0.9999999967162131
10838.74686716792	0.9999999968853199
10838.796992481202	0.9999999970481603
10838.847117794487	0.999999997204946
10838.89724310777	0.9999999973558875
10838.947368421053	0.9999999975011962
10838.997493734336	0.9999999976410793
10839.047619047618	0.9999999977757411
10839.097744360903	0.9999999979053819
10839.147869674185	0.9999999980302026
10839.19799498747	0.9999999981503938
10839.248120300752	0.9999999982661424
10839.298245614034	0.9999999983776369
10839.348370927319	0.9999999984850537
10839.398496240601	0.9999999985885678
10839.448621553885	0.9999999986883463
10839.498746867168	0.9999999987845523
10839.54887218045	0.9999999988773436
10839.598997493735	0.9999999989668703
10839.649122807017	0.9999999990532772
10839.699248120301	0.9999999991367025
10839.749373433584	0.9999999992172846
10839.799498746866	0.9999999992951447
10839.84962406015	0.9999999993704097
10839.899749373433	0.9999999994431941
10839.949874686718	0.9999999995136111
10840.0	0.9999999995817641
