10820.0	1.0
10820.050125313282	0.999999999898337
10820.100250626567	0.9999999997948309
10820.15037593985	0.9999999996894301
10820.200501253134	0.9999999995820832
10820.250626566416	0.9999999994727378
10820.300751879699	0.999999999361341
10820.350877192983	0.9999999992478282
10820.401002506265	0.9999999991321478
10820.45112781955	0.999999999014226
10820.501253132832	0.9999999988940045
10820.551378446115	0.9999999987714167
10820.601503759399	0.9999999986463856
10820.651629072681	0.9999999985188331
10820.701754385966	0.999999998388687
10820.751879699248	0.9999999982558603
10820.80200501253	0.9999999981202619
10820.852130325815	0.999999997981802
10820.902255639097	0.9999999978403827
10820.952380952382	0.9999999976959006
10821.002506265664	0.9999999975482472
10821.052631578947	0.9999999973973042
10821.10275689223	0.9999999972429541
10821.152882205513	0.9999999970850582
10821.203007518798	0.9999999969234861
10821.25313283208	0.9999999967580853
10821.303258145363	0.9999999965887021
10821.353383458647	0.999999996415168
10821.40350877193	0.999999996237305
10821.453634085214	0.9999999960549235
10821.503759398496	0.9999999958678195
10821.553884711779	0.9999999956757761
10821.604010025063	0.9999999954785636
10821.654135338345	0.9999999952759281
10821.70426065163	0.999999995067607
10821.754385964912	0.9999999948533159
10821.804511278195	0.9999999946327492
10821.854636591479	0.999999994405583
10821.904761904761	0.9999999941714667
10821.954887218046	0.9999999939300289
10822.005012531328	0.999999993680872
10822.05513784461	0.9999999934235608
10822.105263157895	0.9999999931576485
10822.155388471178	0.9999999928826423
10822.205513784462	0.9999999925980239
10822.255639097744	0.9999999923032213
10822.305764411027	0.9999999919976544
10822.355889724311	0.9999999916806726
10822.406015037594	0.9999999913515939
10822.456140350878	0.9999999910096925
10822.50626566416	0.9999999906541699
10822.556390977443	0.9999999902841857
10822.606516290727	0.9999999898988282
10822.65664160401	0.9999999894971056
10822.706766917294	0.9999999890779334
10822.756892230576	0.9999999886401336
10822.807017543859	0.999999988182388
10822.857142857143	0.9999999877032002
10822.907268170426	0.9999999872008591
10822.95739348371	0.9999999866733487
10823.007518796992	0.999999986118222
10823.057644110275	0.9999999855324113
10823.10776942356	0.9999999849119418
10823.157894736842	0.9999999842515044
10823.208020050126	0.9999999835437341
10823.258145363408	0.9999999827782183
10823.30827067669	0.9999999819399397
10823.358395989975	0.9999999810070221
10823.408521303258	0.9999999799475174
10823.458646616542	0.9999999787149305
10823.508771929824	0.9999999772422455
10823.558897243107	0.9999999754341818
10823.609022556391	0.9999999731576548
10823.659147869674	0.9999999702305931
10823.709273182958	0.9999999664095554
10823.75939849624	0.9999999613769909
10823.809523809523	0.9999999547292344
10823.859649122807	0.9999999459662915
10823.90977443609	0.9999999344839686
10823.959899749374	0.999999919567681
10824.010025062656	0.9999999003847444
10824.060150375939	0.9999998759682556
10824.110275689223	0.9999998451804433
10824.160401002506	0.999999806636882
10824.21052631579	0.9999997585657293
10824.260651629073	0.9999996985698413
10824.310776942355	0.9999996232557292
10824.36090225564	0.9999995276960908
10824.411027568922	0.9999994047051751
10824.461152882206	0.9999992439329473
10824.511278195489	0.9999990308267847
10824.561403508771	0.9999987455654279
10824.611528822055	0.9999983621294929
10824.661654135338	0.9999978477170397
10824.711779448622	0.9999971627159772
10824.761904761905	0.9999962613810354
10824.812030075187	0.9999950932169102
10824.862155388471	0.9999936048530043
10824.912280701754	0.9999917419602431
10824.962406015038	0.9999894506012892
10825.01253132832	0.9999866774374111
10825.062656641605	0.9999833685309308
10825.112781954887	0.9999794670811183
10825.16290726817	0.9999749111609313
10825.213032581454	0.9999696330679669
10825.263157894737	0.9999635618744741
10825.313283208021	0.9999566298720974
10825.363408521303	0.9999487818853844
10825.413533834586	0.9999399843238115
10825.46365914787	0.9999302291232247
10825.513784461153	0.9999195271695527
10825.563909774437	0.9999078868396747
10825.61403508772	0.999895275910633
10825.664160401002	0.9998815689674141
10825.714285714286	0.9998664872897436
10825.764411027569	0.9998495438021022
10825.814536340853	0.9998300114183846
10825.864661654135	0.9998069371502611
10825.914786967418	0.9997792230347956
10825.964912280702	0.9997457836954596
10826.015037593985	0.9997057666805061
10826.065162907269	0.9996587893468775
10826.115288220552	0.9996051168845855
10826.165413533834	0.9995456968682236
10826.215538847118	0.9994819901048598
10826.2656641604	0.999415596802047
10826.315789473685	0.9993477535509495
10826.365914786968	0.9992788361573662
10826.41604010025	0.9992080126408306
10826.466165413534	0.9991331408081706
10826.516290726817	0.9990509196452673
10826.566416040101	0.9989572262867071
10826.616541353384	0.9988475396139159
10826.666666666666	0.9987173807263727
10826.71679197995	0.9985627586201331
10826.766917293233	0.9983806311410668
10826.817042606517	0.9981693331154953
10826.8671679198	0.9979288192583721
10826.917293233082	0.9976605177974404
10826.967418546366	0.9973666822602172
10827.017543859649	0.997049373526893
10827.067669172933	0.9967094994545309
10827.117794486216	0.9963464983778525
10827.167919799498	0.9959591091022655
10827.218045112782	0.9955472093359714
10827.268170426065	0.9951141110751353
10827.31829573935	0.9946682788950881
10827.368421052632	0.9942234798441125
10827.418546365914	0.9937969980783884
10827.468671679198	0.9934064647101779
10827.518796992481	0.993066412121524
10827.568922305765	0.9927854653242202
10827.619047619048	0.9925644983227471
10827.66917293233	0.9923957694409492
10827.719298245614	0.9922631703001185
10827.769423558897	0.9921439987721806
10827.819548872181	0.9920127645962219
10827.869674185464	0.9918470106541163
10827.919799498746	0.9916337011054197
10827.96992481203	0.9913731728746618
10828.020050125313	0.9910776158622123
10828.070175438597	0.9907633299324847
10828.12030075188	0.9904397151973479
10828.170426065162	0.9901012064748825
10828.220551378447	0.9897284624895641
10828.270676691729	0.9893001394296966
10828.320802005013	0.9888091251712102
10828.370927318296	0.9882730071978703
10828.421052631578	0.9877312819666181
10828.471177944863	0.9872307810561514
10828.521303258145	0.9868101550128104
10828.57142857143	0.9864938445918217
10828.621553884712	0.9862944338634198
10828.671679197994	0.9862152197586056
10828.721804511279	0.9862508439445152
10828.771929824561	0.9863892685291473
10828.822055137845	0.9866155715081099
10828.872180451128	0.9869150243781956
10828.92230576441	0.9872739198348645
10828.972431077695	0.9876786502794207
10829.022556390977	0.988114342469408
10829.072681704261	0.9885642701353673
10829.122807017544	0.9890106106184552
10829.172932330826	0.9894360862887027
10829.22305764411	0.9898259649204771
10829.273182957393	0.9901706324952336
10829.323308270677	0.990467340806922
10829.37343358396	0.9907172490575405
10829.423558897242	0.9909186487826621
10829.473684210527	0.9910637918072549
10829.52380952381	0.9911419934297235
10829.573934837093	0.9911452291050632
10829.624060150376	0.9910729116969371
10829.674185463658	0.9909336365945858
10829.724310776943	0.9907432622866895
10829.774436090225	0.9905213010366881
10829.82456140351	0.9902879075125431
10829.874686716792	0.9900620598045675
10829.924812030074	0.9898603924703729
10829.974937343359	0.9896962605273635
10830.025062656641	0.9895791062998374
10830.075187969926	0.9895143272726872
10830.125313283208	0.9895035723521696
10830.17543859649	0.9895451253020509
10830.225563909775	0.9896341494546439
10830.275689223057	0.9897630048207867
10830.325814536342	0.9899220719743951
10830.375939849624	0.9901011578303129
10830.426065162907	0.990290981283856
10830.47619047619	0.99048414548893
10830.526315789473	0.9906755055799873
10830.576441102758	0.9908622462556758
10830.62656641604	0.9910437664674079
10830.676691729323	0.9912211055940442
10830.726817042607	0.9913958919420279
10830.77694235589	0.9915693855533384
10830.827067669174	0.9917422130532718
10830.877192982456	0.9919147550347432
10830.927318295739	0.9920876458456386
10830.977443609023	0.9922619820672461
10831.027568922305	0.9924392838269269
10831.07769423559	0.9926214326779154
10831.127819548872	0.9928105947003243
10831.177944862155	0.9930089269822232
10831.228070175439	0.9932179869723928
10831.278195488721	0.9934380299257852
10831.328320802006	0.9936674551566405
10831.378446115288	0.993902570352285
10831.42857142857	0.9941377748278458
10831.478696741855	0.994366184581062
10831.528822055137	0.9945805524971446
10831.578947368422	0.9947742396824221
10831.629072681704	0.9949421202920805
10831.679197994987	0.9950814514619565
10831.729323308271	0.9951926403948189
10831.779448621553	0.995279609474988
10831.829573934838	0.9953494544542892
10831.87969924812	0.9954113991067222
10831.929824561403	0.9954753754596594
10831.979949874687	0.9955506074142132
10832.03007518797	0.9956444084643618
10832.080200501254	0.9957612894747608
10832.130325814536	0.9959024966366921
10832.180451127819	0.9960661204010989
10832.230576441103	0.9962478063976151
10832.280701754386	0.9964418796938885
10832.33082706767	0.996642504811559
10832.380952380952	0.9968445056134343
10832.431077694235	0.9970436829900621
10832.481203007519	0.997236724237495
10832.531328320802	0.9974209140483108
10832.581453634086	0.9975938300073275
10832.631578947368	0.9977531457928058
10832.68170426065	0.9978966157539431
10832.731829573935	0.9980222474519882
10832.781954887218	0.9981285904272356
10832.832080200502	0.9982150177551515
10832.882205513784	0.9982818729822206
10832.932330827067	0.9983304113842217
10832.982456140351	0.9983625745487974
10833.032581453634	0.9983807348143542
10833.082706766918	0.9983875410000715
10833.1328320802	0.9983858780961283
10833.182957393483	0.9983788250307217
10833.233082706767	0.9983694829308157
10833.28320802005	0.9983606723317694
10833.333333333334	0.998354646532955
10833.383458646616	0.9983529945568426
10833.433583959899	0.9983567793204812
10833.483709273183	0.9983667880657785
10833.533834586466	0.9983837033819725
10833.58395989975	0.9984080761763354
10833.634085213032	0.9984401348827746
10833.684210526315	0.9984795985115404
10833.7343358396	0.9985256857474385
10833.784461152882	0.9985773922839206
10833.834586466166	0.9986339077096615
10833.884711779448	0.9986949075793251
10833.934837092731	0.9987605034856466
10833.984962406015	0.998830842996707
10834.035087719298	0.9989055757277204
10834.085213032582	0.9989834970482347
10834.135338345865	0.9990626011350965
10834.185463659147	0.9991405638350419
10834.235588972431	0.9992154320845371
10834.285714285714	0.9992861614412153
10834.335839598998	0.9993527266630875
10834.38596491228	0.9994157888573745
10834.436090225563	0.9994761448610952
10834.486215538847	0.9995342492179802
10834.53634085213	0.9995899930795293
10834.586466165414	0.9996427653618213
10834.636591478697	0.9996917055434721
10834.686716791979	0.9997360106316253
10834.736842105263	0.9997751714299865
10834.786967418546	0.9998090695889014
10834.83709273183	0.9998379402175044
10834.887218045113	0.9998622571781536
10834.937343358395	0.999882606663628
10834.98746867168	0.999899589772819
10835.037593984962	0.9999137644501075
10835.087719298246	0.9999256194713152
10835.137844611529	0.9999355687961263
10835.187969924813	0.9999439565916116
10835.238095238095	0.9999510664220664
10835.288220551378	0.9999571308542494
10835.338345864662	0.9999623398377763
10835.388471177945	0.9999668475848493
10835.438596491229	0.9999707782656341
10835.488721804511	0.9999742308843524
10835.538847117794	0.9999772835538773
10835.588972431078	0.9999799972723833
10835.63909774436	0.9999824192672333
10835.689223057645	0.9999845859566799
10835.739348370927	0.9999865255509474
10835.78947368421	0.999988260278236
10835.839598997494	0.999989808206178
10835.889724310777	0.9999911846474494
10835.939849624061	0.999992403177536
10835.989974937344	0.9999934763287037
10836.040100250626	0.9999944160391706
10836.09022556391	0.9999952339273728
10836.140350877193	0.9999959414382367
10836.190476190477	0.9999965498855498
10836.24060150376	0.9999970704026185
10836.290726817042	0.9999975138140518
10836.340852130326	0.9999978904513753
10836.390977443609	0.9999982099454974
10836.441102756893	0.9999984810343352
10836.491228070176	0.999998711420193
10836.541353383458	0.9999989077000885
10836.591478696742	0.9999990753762933
10836.641604010025	0.9999992189390049
10836.69172932331	0.9999993420014434
10836.741854636592	0.999999447462115
10836.791979949874	0.9999995376696745
10836.842105263158	0.9999996145706757
10836.89223057644	0.999999679828226
10836.942355889725	0.9999997349071323
10836.992481203008	0.9999997811275596
10837.04260651629	0.9999998196932874
10837.092731829574	0.9999998517025125
10837.142857142857	0.999999878148891
10837.192982456141	0.9999998999191387
10837.243107769424	0.9999999177915078
10837.293233082706	0.9999999324373543
10837.34335839599	0.9999999444264545
10837.393483709273	0.999999954235588
10837.443609022557	0.9999999622592739
10837.49373433584	0.9999999688214248
10837.543859649122	0.9999999741868769
10837.593984962406	0.9999999785719644
10837.644110275689	0.9999999821536893
10837.694235588973	0.9999999850773628
10837.744360902256	0.9999999874627039
10837.794486215538	0.999999989408649
10837.844611528822	0.9999999909970891
10837.894736842105	0.9999999922957726
10837.94486215539	0.9999999933606081
10837.994987468672	0.9999999942375346
10838.045112781954	0.9999999949640843
10838.095238095239	0.9999999955707068
10838.145363408521	0.9999999960819336
10838.195488721805	0.9999999965173724
10838.245614035088	0.999999996892602
10838.29573934837	0.9999999972199024
10838.345864661655	0.9999999975089232
10838.395989974937	0.9999999977672134
10838.446115288221	0.9999999980006562
10838.496240601504	0.99999999821385
10838.546365914786	0.999999998410387
10838.59649122807	0.9999999985930835
10838.646616541353	0.9999999987641555
10838.696741854637	0.9999999989253626
10838.74686716792	0.9999999990781154
10838.796992481202	0.9999999992235413
10838.847117794487	0.9999999993625597
10838.89724310777	0.9999999994959191
10838.947368421053	0.9999999996242482
10838.997493734336	0.9999999997480569
10839.047619047618	0.9999999998677769
10839.097744360903	0.9999999999837778
10839.147869674185	1.0000000000963634
10839.19799498747	1.0000000002057987
10839.248120300752	1.000000000312308
10839.298245614034	1.0000000004160938
10839.348370927319	1.0000000005173217
10839.398496240601	1.0000000006161425
10839.448621553885	1.0000000007126886
10839.498746867168	1.000000000807077
10839.54887218045	1.0000000008994112
10839.598997493735	1.0000000009897865
10839.649122807017	1.000000001078287
10839.699248120301	1.0000000011649897
10839.749373433584	1.0000000012499677
10839.799498746866	1.0000000013332824
10839.84962406015	1.000000001414995
10839.899749373433	1.000000001495165
10839.949874686718	1.0000000015738417
10840.0	1.0000000016510722
