10820.0	1.0
10820.050125313282	0.9999999992494215
10820.100250626567	0.9999999984826786
10820.15037593985	0.9999999976991499
10820.200501253134	0.9999999968981689
10820.250626566416	0.9999999960790357
10820.300751879699	0.9999999952409965
10820.350877192983	0.9999999943832498
10820.401002506265	0.9999999935049346
10820.45112781955	0.9999999926051165
10820.501253132832	0.9999999916828105
10820.551378446115	0.9999999907369405
10820.601503759399	0.9999999897663517
10820.651629072681	0.9999999887698005
10820.701754385966	0.9999999877459298
10820.751879699248	0.9999999866932803
10820.80200501253	0.9999999856102658
10820.852130325815	0.9999999844951569
10820.902255639097	0.9999999833460829
10820.952380952382	0.9999999821609987
10821.002506265664	0.9999999809376728
10821.052631578947	0.9999999796736803
10821.10275689223	0.9999999783663636
10821.152882205513	0.999999977012819
10821.203007518798	0.9999999756098796
10821.25313283208	0.9999999741540729
10821.303258145363	0.9999999726416134
10821.353383458647	0.9999999710683395
10821.40350877193	0.9999999694297157
10821.453634085214	0.9999999677207732
10821.503759398496	0.9999999659360806
10821.553884711779	0.9999999640697014
10821.604010025063	0.9999999621151568
10821.654135338345	0.9999999600653583
10821.70426065163	0.9999999579125958
10821.754385964912	0.99999995564844
10821.804511278195	0.9999999532637338
10821.854636591479	0.9999999507485011
10821.904761904761	0.9999999480919021
10821.954887218046	0.9999999452821654
10822.005012531328	0.9999999423065313
10822.05513784461	0.9999999391511528
10822.105263157895	0.9999999358010417
10822.155388471178	0.9999999322399947
10822.205513784462	0.9999999284504764
10822.255639097744	0.9999999244135493
10822.305764411027	0.9999999201087468
10822.355889724311	0.9999999155139582
10822.406015037594	0.9999999106052959
10822.456140350878	0.9999999053569101
10822.50626566416	0.9999998997408063
10822.556390977443	0.9999998937265699
10822.606516290727	0.9999998872810482
10822.65664160401	0.999999880367894
10822.706766917294	0.9999998729469721
10822.756892230576	0.9999998649734948
10822.807017543859	0.9999998563968159
10822.857142857143	0.9999998471586299
10822.907268170426	0.9999998371903696
10822.95739348371	0.999999826409243
10823.007518796992	0.999999814712279
10823.057644110275	0.9999998019672057
10823.10776942356	0.9999997879985183
10823.157894736842	0.9999997725660636
10823.208020050126	0.9999997553324719
10823.258145363408	0.9999997358139402
10823.30827067669	0.9999997133071175
10823.358395989975	0.9999996867825192
10823.408521303258	0.9999996547330564
10823.458646616542	0.9999996149647786
10823.508771929824	0.9999995643176584
10823.558897243107	0.9999994983069465
10823.609022556391	0.9999994106827372
10823.659147869674	0.9999992929162344
10823.709273182958	0.9999991336357688
10823.75939849624	0.9999989180512975
10823.809523809523	0.9999986274176619
10823.859649122807	0.9999982385863032
10823.90977443609	0.9999977236719235
10823.959899749374	0.9999970498027244
10824.010025062656	0.9999961788204207
10824.060150375939	0.9999950666450496
10824.110275689223	0.9999936618283898
10824.160401002506	0.9999919026159444
10824.21052631579	0.9999897116764737
10824.260651629073	0.9999869876251698
10824.310776942355	0.9999835926756167
10824.36090225564	0.9999793363272317
10824.411027568922	0.9999739560159223
10824.461152882206	0.9999670971091437
10824.511278195489	0.9999582963101612
10824.561403508771	0.9999469740035883
10824.611528822055	0.9999324416575105
10824.661654135338	0.9999139293803933
10824.711779448622	0.9998906356743861
10824.761904761905	0.9998617965455547
10824.812030075187	0.9998267654995247
10824.862155388471	0.9997850912956945
10824.912280701754	0.999736578394961
10824.962406015038	0.9996813167878706
10825.01253132832	0.9996196730754302
10825.062656641605	0.9995522419385816
10825.112781954887	0.9994797645522626
10825.16290726817	0.9994030261119948
10825.213032581454	0.9993227467784136
10825.263157894737	0.9992394779882695
10825.313283208021	0.9991535094310411
10825.363408521303	0.9990647830232656
10825.413533834586	0.9989728025603902
10825.46365914787	0.998876525533646
10825.513784461153	0.9987742297454357
10825.563909774437	0.9986633620310233
10825.61403508772	0.9985403967137164
10825.664160401002	0.998400752010528
10825.714285714286	0.9982388264445063
10825.764411027569	0.9980482164031685
10825.814536340853	0.9978221524724127
10825.864661654135	0.9975541419767497
10825.914786967418	0.9972387349082257
10825.964912280702	0.9968722636407914
10826.015037593985	0.9964533789579276
10826.065162907269	0.9959832417539582
10826.115288220552	0.9954653223824055
10826.165413533834	0.99490486240489
10826.215538847118	0.9943081142672776
10826.2656641604	0.993681471190246
10826.315789473685	0.9930305514444737
10826.365914786968	0.9923592519704617
10826.41604010025	0.9916687855520567
10826.466165413534	0.9909568114323385
10826.516290726817	0.9902169893369934
10826.566416040101	0.9894395675026091
10826.616541353384	0.9886136850441208
10826.666666666666	0.9877314573163307
10826.71679197995	0.9867923963154014
10826.766917293233	0.98580517171814
10826.817042606517	0.9847841693103603
10826.8671679198	0.9837416958869154
10826.917293233082	0.9826803873321169
10826.967418546366	0.9815905738559296
10827.017543859649	0.980454265656142
10827.067669172933	0.9792543214595534
10827.117794486216	0.9779852150764317
10827.167919799498	0.9766599123651102
10827.218045112782	0.9753076907757648
10827.268170426065	0.9739633738325487
10827.31829573935	0.9726562769041902
10827.368421052632	0.9714073382787698
10827.418546365914	0.9702332077719588
10827.468671679198	0.9691491368124792
10827.518796992481	0.9681668235347238
10827.568922305765	0.9672899894236895
10827.619047619048	0.9665111495118517
10827.66917293233	0.965811563064634
10827.719298245614	0.9651664837715849
10827.769423558897	0.9645567412944137
10827.819548872181	0.9639814054444733
10827.869674185464	0.9634596397136103
10827.919799498746	0.9630178082311779
10827.96992481203	0.9626729047855942
10828.020050125313	0.9624187939196326
10828.070175438597	0.962221828716924
10828.12030075188	0.9620354035838136
10828.170426065162	0.9618210188410126
10828.220551378447	0.961561189996709
10828.270676691729	0.9612596408826772
10828.320802005013	0.9609306110974389
10828.370927318296	0.9605898913392545
10828.421052631578	0.9602565577306751
10828.471177944863	0.9599547676400285
10828.521303258145	0.9597020158780228
10828.57142857143	0.9594993706606392
10828.621553884712	0.9593376992686269
10828.671679197994	0.9592110557510815
10828.721804511279	0.9591258093075511
10828.771929824561	0.9591010339294416
10828.822055137845	0.9591587547860517
10828.872180451128	0.9593088649446649
10828.92230576441	0.9595433549553521
10828.972431077695	0.959847407751909
10829.022556390977	0.9602103466447709
10829.072681704261	0.9606213838261036
10829.122807017544	0.9610643276593711
10829.172932330826	0.961523859565238
10829.22305764411	0.9619897356206757
10829.273182957393	0.9624507693825073
10829.323308270677	0.9628929721959465
10829.37343358396	0.9633071679200264
10829.423558897242	0.9636890738987963
10829.473684210527	0.9640277490826049
10829.52380952381	0.9643052979659522
10829.573934837093	0.9645114003011845
10829.624060150376	0.9646498062608864
10829.674185463658	0.9647346323665733
10829.724310776943	0.9647874520956501
10829.774436090225	0.9648352779801287
10829.82456140351	0.9649072210761815
10829.874686716792	0.9650302057785219
10829.924812030074	0.965224237357542
10829.974937343359	0.9654986312492018
10830.025062656641	0.9658515429402246
10830.075187969926	0.9662732165691693
10830.125313283208	0.9667505222171581
10830.17543859649	0.9672701524356397
10830.225563909775	0.9678198406593181
10830.275689223057	0.9683884389530646
10830.325814536342	0.9689657379764873
10830.375939849624	0.969542390452887
10830.426065162907	0.9701099833723896
10830.47619047619	0.9706612367423194
10830.526315789473	0.9711902681381023
10830.576441102758	0.9716928249127207
10830.62656641604	0.9721664411435165
10830.676691729323	0.9726105517196871
10830.726817042607	0.9730265353795878
10830.77694235589	0.9734175409468444
10830.827067669174	0.9737880154985902
10830.877192982456	0.9741430943420047
10830.927318295739	0.9744881402350318
10830.977443609023	0.9748285628925574
10831.027568922305	0.9751697835270291
10831.07769423559	0.9755171127999247
10831.127819548872	0.97587544323065
10831.177944862155	0.9762488358615524
10831.228070175439	0.9766401225410674
10831.278195488721	0.9770505572718742
10831.328320802006	0.9774794791500225
10831.378446115288	0.9779239976477492
10831.42857142857	0.9783788422502928
10831.478696741855	0.9788366030981654
10831.528822055137	0.9792885088052014
10831.578947368422	0.9797256460095995
10831.629072681704	0.9801402861161318
10831.679197994987	0.9805269413699779
10831.729323308271	0.980882954144435
10831.779448621553	0.9812086690444681
10831.829573934838	0.9815073568136807
10831.87969924812	0.9817849916106351
10831.929824561403	0.9820498307255117
10831.979949874687	0.9823116755865069
10832.03007518797	0.9825807834105569
10832.080200501254	0.9828665733434929
10832.130325814536	0.9831763938882517
10832.180451127819	0.9835146244423629
10832.230576441103	0.9838822899125695
10832.280701754386	0.9842772177731225
10832.33082706767	0.9846946198959415
10832.380952380952	0.9851279012570959
10832.431077694235	0.9855695004774472
10832.481203007519	0.9860116131499542
10832.531328320802	0.9864467108317868
10832.581453634086	0.986867850243039
10832.631578947368	0.9872688425779104
10832.68170426065	0.9876443621068615
10832.731829573935	0.987990009788526
10832.781954887218	0.9883022924636612
10832.832080200502	0.9885785081411224
10832.882205513784	0.9888166182020837
10832.932330827067	0.9890152372465545
10832.982456140351	0.9891738143667597
10833.032581453634	0.9892929521260558
10833.082706766918	0.9893747120400204
10833.1328320802	0.9894227566902438
10833.182957393483	0.9894422628082415
10833.233082706767	0.9894396370071818
10833.28320802005	0.9894221147942677
10833.333333333334	0.9893973073131657
10833.383458646616	0.9893727119856108
10833.433583959899	0.9893551799438384
10833.483709273183	0.989350364207291
10833.533834586466	0.9893622294308617
10833.58395989975	0.9893927317646992
10833.634085213032	0.9894417497354646
10833.684210526315	0.9895072834013712
10833.7343358396	0.9895858791483606
10833.784461152882	0.9896732113117236
10833.834586466166	0.9897647617697198
10833.884711779448	0.9898565585893978
10833.934837092731	0.9899459313622005
10833.984962406015	0.9900322035623698
10834.035087719298	0.9901171926542145
10834.085213032582	0.9902053648078685
10834.135338345865	0.9903035250234788
10834.185463659147	0.9904200239918398
10834.235588972431	0.9905636114528007
10834.285714285714	0.9907422143240703
10834.335839598998	0.9909619768171319
10834.38596491228	0.991226775180343
10834.436090225563	0.9915381423437798
10834.486215538847	0.9918953182934561
10834.53634085213	0.9922951886036873
10834.586466165414	0.99273215126202
10834.636591478697	0.9931981963666917
10834.686716791979	0.9936834608672817
10834.736842105263	0.9941772430791552
10834.786967418546	0.9946691601205343
10834.83709273183	0.9951500454478178
10834.887218045113	0.9956123624419873
10834.937343358395	0.9960501971507171
10834.98746867168	0.9964590833980692
10835.037593984962	0.9968359018241141
10835.087719298246	0.9971789223367999
10835.137844611529	0.9974878750761255
10835.187969924813	0.9977638820127662
10835.238095238095	0.9980091787804648
10835.288220551378	0.9982266958264276
10835.338345864662	0.9984196339786052
10835.388471177945	0.9985911386320445
10835.438596491229	0.9987441034202997
10835.488721804511	0.9988810783729298
10835.538847117794	0.9990042408603
10835.588972431078	0.9991153984189559
10835.63909774436	0.9992160098784454
10835.689223057645	0.9993072217500476
10835.739348370927	0.9993899183668705
10835.78947368421	0.9994647810724744
10835.839598997494	0.9995323488616
10835.889724310777	0.9995930728167111
10835.939849624061	0.9996473592387387
10835.989974937344	0.9996955998851899
10836.040100250626	0.9997381905610127
10836.09022556391	0.9997755406400178
10836.140350877193	0.9998080760384613
10836.190476190477	0.9998362373895079
10836.24060150376	0.9998604744186405
10836.290726817042	0.9998812372353182
10836.340852130326	0.9998989654631352
10836.390977443609	0.9999140765575755
10836.441102756893	0.9999269549587215
10836.491228070176	0.9999379436630046
10836.541353383458	0.9999473393410084
10836.591478696742	0.9999553914183801
10836.641604010025	0.9999623047933491
10836.69172932331	0.9999682452868587
10836.741854636592	0.9999733466241382
10836.791979949874	0.9999777177440345
10836.842105263158	0.9999814494601512
10836.89223057644	0.9999846198513337
10836.942355889725	0.99998729813275
10836.992481203008	0.9999895470716892
10837.04260651629	0.9999914242202035
10837.092731829574	0.9999929823313554
10837.142857142857	0.9999942693248223
10837.192982456141	0.9999953281024218
10837.243107769424	0.9999961964189888
10837.293233082706	0.9999969069171525
10837.34335839599	0.9999974873545209
10837.393483709273	0.9999979609974251
10837.443609022557	0.9999983471268913
10837.49373433584	0.9999986615953742
10837.543859649122	0.9999989173800974
10837.593984962406	0.9999991250934301
10837.644110275689	0.9999992934272381
10837.694235588973	0.999999429522593
10837.744360902256	0.9999995392671632
10837.794486215538	0.9999996275290367
10837.844611528822	0.9999996983386952
10837.894736842105	0.9999997550311684
10837.94486215539	0.9999998003587471
10837.994987468672	0.999999836582669
10838.045112781954	0.9999998655497061
10838.095238095239	0.9999998887576406
10838.145363408521	0.9999999074121233
10838.195488721805	0.9999999224763209
10838.245614035088	0.9999999347140978
10838.29573934837	0.9999999447273227
10838.345864661655	0.9999999529876031
10838.395989974937	0.9999999598629435
10838.446115288221	0.9999999656397365
10838.496240601504	0.9999999705406367
10838.546365914786	0.999999974738885
10838.59649122807	0.9999999783695943
10838.646616541353	0.9999999815385581
10838.696741854637	0.9999999843290504
10838.74686716792	0.9999999868070195
10838.796992481202	0.9999999890250468
10838.847117794487	0.999999991025351
10838.89724310777	0.9999999928420588
10838.947368421053	0.9999999945029406
10838.997493734336	0.9999999960307221
10839.047619047618	0.9999999974441156
10839.097744360903	0.9999999987585966
10839.147869674185	0.9999999999870296
10839.19799498747	1.0000000011401458
10839.248120300752	1.0000000022269544
10839.298245614034	1.0000000032550187
10839.348370927319	1.0000000042307544
10839.398496240601	1.0000000051595908
10839.448621553885	1.0000000060461653
10839.498746867168	1.000000006894458
10839.54887218045	1.000000007707893
10839.598997493735	1.000000008489435
10839.649122807017	1.000000009241667
10839.699248120301	1.000000009966853
10839.749373433584	1.0000000106669797
10839.799498746866	1.0000000113438139
10839.84962406015	1.0000000119989214
10839.899749373433	1.0000000126337019
10839.949874686718	1.0000000132494222
10840.0	1.000000013847214
