10820.0	1.0
10820.050125313282	0.9999999996207873
10820.100250626567	0.9999999992177069
10820.15037593985	0.9999999987882521
10820.200501253134	0.9999999983296166
10820.250626566416	0.9999999978386886
10820.300751879699	0.9999999973120072
10820.350877192983	0.9999999967457323
10820.401002506265	0.9999999961356155
10820.45112781955	0.9999999954769757
10820.501253132832	0.9999999947646405
10820.551378446115	0.9999999939929518
10820.601503759399	0.9999999931556949
10820.651629072681	0.9999999922461023
10820.701754385966	0.9999999912567842
10820.751879699248	0.999999990179737
10820.80200501253	0.9999999890062843
10820.852130325815	0.9999999877270592
10820.902255639097	0.9999999863319838
10820.952380952382	0.9999999848102346
10821.002506265664	0.999999983150215
10821.052631578947	0.9999999813395196
10821.10275689223	0.9999999793649268
10821.152882205513	0.9999999772123481
10821.203007518798	0.9999999748667947
10821.25313283208	0.999999972312346
10821.303258145363	0.9999999695320967
10821.353383458647	0.9999999665081034
10821.40350877193	0.9999999632213408
10821.453634085214	0.999999959651624
10821.503759398496	0.9999999557775341
10821.553884711779	0.9999999515763529
10821.604010025063	0.9999999470239752
10821.654135338345	0.9999999420948184
10821.70426065163	0.9999999367617495
10821.754385964912	0.9999999309960028
10821.804511278195	0.9999999247671115
10821.854636591479	0.9999999180428515
10821.904761904761	0.9999999107892047
10821.954887218046	0.9999999029703569
10822.005012531328	0.9999998945487115
10822.05513784461	0.9999998854849499
10822.105263157895	0.9999998757381292
10822.155388471178	0.9999998652658193
10822.205513784462	0.9999998540242802
10822.255639097744	0.9999998419686742
10822.305764411027	0.9999998290533098
10822.355889724311	0.9999998152318949
10822.406015037594	0.9999998004577719
10822.456140350878	0.9999997846841244
10822.50626566416	0.9999997678640689
10822.556390977443	0.9999997499506172
10822.606516290727	0.9999997308963677
10822.65664160401	0.9999997106528347
10822.706766917294	0.9999996891692191
10822.756892230576	0.9999996663903691
10822.807017543859	0.9999996422536077
10822.857142857143	0.9999996166838891
10822.907268170426	0.99999958958668
10822.95739348371	0.9999995608375564
10823.007518796992	0.999999530267366
10823.057644110275	0.9999994976411929
10823.10776942356	0.9999994626289728
10823.157894736842	0.999999424764847
10823.208020050126	0.9999993833914196
10823.258145363408	0.9999993375838978
10823.30827067669	0.9999992860471155
10823.358395989975	0.999999226975575
10823.408521303258	0.9999991578617934
10823.458646616542	0.9999990752301918
10823.508771929824	0.9999989742607156
10823.558897243107	0.9999988482458607
10823.609022556391	0.9999986877941487
10823.659147869674	0.9999984796505719
10823.709273182958	0.9999982049502717
10823.75939849624	0.9999978366612386
10823.809523809523	0.9999973359176445
10823.859649122807	0.9999966469216893
10823.90977443609	0.9999956901338859
10823.959899749374	0.999994353624697
10824.010025062656	0.9999924827702081
10824.060150375939	0.9999898689698686
10824.110275689223	0.9999862387332834
10824.160401002506	0.999981245243046
10824.21052631579	0.9999744651809119
10824.260651629073	0.9999654039520381
10824.310776942355	0.9999535121742882
10824.36090225564	0.9999382152062217
10824.411027568922	0.999918955549679
10824.461152882206	0.9998952454345886
10824.511278195489	0.9998667242779508
10824.561403508771	0.9998332136273452
10824.611528822055	0.9997947612198719
10824.661654135338	0.9997516662889787
10824.711779448622	0.9997044803374915
10824.761904761905	0.9996539809912046
10824.812030075187	0.9996011205195332
10824.862155388471	0.9995469540746102
10824.912280701754	0.9994925546568337
10824.962406015038	0.9994389218960893
10825.01253132832	0.9993868903958257
10825.062656641605	0.9993370414853912
10825.112781954887	0.9992896204145345
10825.16290726817	0.9992444595585299
10825.213032581454	0.999200907390992
10825.263157894737	0.9991577636570638
10825.313283208021	0.9991132244137413
10825.363408521303	0.9990648465639288
10825.413533834586	0.9990095483177095
10825.46365914787	0.9989436658277084
10825.513784461153	0.9988630831607881
10825.563909774437	0.9987634417238359
10825.61403508772	0.9986404196948461
10825.664160401002	0.9984900580129632
10825.714285714286	0.9983091010351891
10825.764411027569	0.9980953160344171
10825.814536340853	0.9978477537572006
10825.864661654135	0.9975669147977904
10825.914786967418	0.9972548001877217
10825.964912280702	0.9969148487838758
10826.015037593985	0.9965517842463579
10826.065162907269	0.9961713950187859
10826.115288220552	0.9957802561719298
10826.165413533834	0.9953853962093547
10826.215538847118	0.9949939302319251
10826.2656641604	0.994612707614369
10826.315789473685	0.9942480268848478
10826.365914786968	0.9939054439291807
10826.41604010025	0.9935896654561563
10826.466165413534	0.9933045040242303
10826.516290726817	0.9930528726775099
10826.566416040101	0.9928367963131228
10826.616541353384	0.9926574053386394
10826.666666666666	0.9925148684734529
10826.71679197995	0.9924082303292235
10826.766917293233	0.9923351450073954
10826.817042606517	0.9922915311080548
10826.8671679198	0.9922712127985116
10826.917293233082	0.9922656525061098
10826.967418546366	0.9922639076539659
10827.017543859649	0.9922529319645136
10827.067669172933	0.9922182781478269
10827.117794486216	0.9921451581930171
10827.167919799498	0.9920197172897086
10827.218045112782	0.9918303150697927
10827.268170426065	0.9915686025404761
10827.31829573935	0.9912302308484127
10827.368421052632	0.9908151037477745
10827.418546365914	0.9903271534967818
10827.468671679198	0.9897736639656762
10827.518796992481	0.989164214682306
10827.568922305765	0.9885094172917399
10827.619047619048	0.9878197384904166
10827.66917293233	0.9871047448804827
10827.719298245614	0.9863729707882903
10827.769423558897	0.9856323360168063
10827.819548872181	0.9848907958877109
10827.869674185464	0.9841568511910023
10827.919799498746	0.9834396898869551
10827.96992481203	0.9827489385720344
10828.020050125313	0.9820941208923323
10828.070175438597	0.9814839191473168
10828.12030075188	0.9809253049725993
10828.170426065162	0.9804226420688904
10828.220551378447	0.9799769486999161
10828.270676691729	0.979585522324027
10828.320802005013	0.9792420256767657
10828.370927318296	0.9789370419386765
10828.421052631578	0.978659149057781
10828.471177944863	0.9783965937264996
10828.521303258145	0.9781394097069014
10828.57142857143	0.9778814172056656
10828.621553884712	0.9776213950372775
10828.671679197994	0.9773630487981306
10828.721804511279	0.9771139162471832
10828.771929824561	0.9768836577897636
10828.822055137845	0.9766822038184885
10828.872180451128	0.9765181301437057
10828.92230576441	0.9763974880014757
10828.972431077695	0.9763231221411961
10829.022556390977	0.976294354380459
10829.072681704261	0.9763069224906419
10829.122807017544	0.976353224957304
10829.172932330826	0.9764230413817431
10829.22305764411	0.9765048154273583
10829.273182957393	0.9765873295117944
10829.323308270677	0.9766613495235532
10829.37343358396	0.9767207558580376
10829.423558897242	0.9767628547037102
10829.473684210527	0.9767878712040547
10829.52380952381	0.9767978806416169
10829.573934837093	0.9767955320542535
10829.624060150376	0.9767829175796098
10829.674185463658	0.9767609291463998
10829.724310776943	0.976729351329214
10829.774436090225	0.976687626067192
10829.82456140351	0.9766358057555429
10829.874686716792	0.9765750659900546
10829.924812030074	0.976507478995438
10829.974937343359	0.9764352875506042
10830.025062656641	0.9763602243779398
10830.075187969926	0.9762833187031124
10830.125313283208	0.9762052643051196
10830.17543859649	0.9761270382587338
10830.225563909775	0.9760502899557308
10830.275689223057	0.9759771961548795
10830.325814536342	0.9759098662491716
10830.375939849624	0.9758496535996475
10830.426065162907	0.9757966883064434
10830.47619047619	0.9757497010831471
10830.526315789473	0.9757060181008189
10830.576441102758	0.975661642353109
10830.62656641604	0.9756115272685694
10830.676691729323	0.9755502353850867
10830.726817042607	0.9754729803669294
10830.77694235589	0.9753767139074276
10830.827067669174	0.9752607840596188
10830.877192982456	0.9751269246514849
10830.927318295739	0.9749787551662614
10830.977443609023	0.9748212549383615
10831.027568922305	0.9746606269058968
10831.07769423559	0.9745046150035156
10831.127819548872	0.9743629221653092
10831.177944862155	0.974247191945684
10831.228070175439	0.9741702065867629
10831.278195488721	0.9741443837914997
10831.328320802006	0.9741800204620857
10831.378446115288	0.9742838109968917
10831.42857142857	0.9744579917331089
10831.478696741855	0.9747002305460922
10831.528822055137	0.9750042128633314
10831.578947368422	0.9753607495266969
10831.629072681704	0.9757591430939838
10831.679197994987	0.9761885673085703
10831.729323308271	0.9766393224468634
10831.779448621553	0.9771038705733948
10831.829573934838	0.9775774602203492
10831.87969924812	0.9780581052412685
10831.929824561403	0.9785458987420428
10831.979949874687	0.9790419796870985
10832.03007518797	0.9795475282483084
10832.080200501254	0.9800628732630288
10832.130325814536	0.9805865845295887
10832.180451127819	0.9811146049740772
10832.230576441103	0.9816397914132079
10832.280701754386	0.9821522760970719
10832.33082706767	0.9826407994639437
10832.380952380952	0.9830947858075166
10832.431077694235	0.983506587920157
10832.481203007519	0.983873183507364
10832.531328320802	0.9841967997783854
10832.581453634086	0.9844843530391764
10832.631578947368	0.9847459493909724
10832.68170426065	0.9849928808293081
10832.731829573935	0.9852356043645034
10832.781954887218	0.9854821428678892
10832.832080200502	0.9857372117232082
10832.882205513784	0.9860021975957625
10832.932330827067	0.9862759205751335
10832.982456140351	0.9865559075178862
10833.032581453634	0.9868397437284813
10833.082706766918	0.9871260301302849
10833.1328320802	0.9874146095864602
10833.182957393483	0.98770603308435
10833.233082706767	0.9880005830265255
10833.28320802005	0.9882973452445104
10833.333333333334	0.9885937312619507
10833.383458646616	0.9888856079046824
10833.433583959899	0.9891679537965897
10833.483709273183	0.9894358243553193
10833.533834586466	0.989685413178347
10833.58395989975	0.9899151068883838
10833.634085213032	0.9901264725617559
10833.684210526315	0.9903249724030845
10833.7343358396	0.9905200024302382
10833.784461152882	0.9907238679156274
10833.834586466166	0.9909496492166157
10833.884711779448	0.9912084275627836
10833.934837092731	0.9915067351282393
10833.984962406015	0.9918451034171822
10834.035087719298	0.9922181544051668
10834.085213032582	0.9926160485316967
10834.135338345865	0.9930266553729665
10834.185463659147	0.9934377744428041
10834.235588972431	0.9938390045172516
10834.285714285714	0.9942231285117504
10834.335839598998	0.9945869329211223
10834.38596491228	0.9949312946338542
10834.436090225563	0.9952603819909228
10834.486215538847	0.9955800464190864
10834.53634085213	0.9958958146809629
10834.586466165414	0.9962111103868694
10834.636591478697	0.996526277207012
10834.686716791979	0.9968386499281343
10834.736842105263	0.9971434938326048
10834.786967418546	0.9974353370066449
10834.83709273183	0.9977091880590377
10834.887218045113	0.9979613220893833
10834.937343358395	0.9981895741212126
10834.98746867168	0.9983932604202423
10835.037593984962	0.9985729061514776
10835.087719298246	0.9987299244143902
10835.137844611529	0.9988663245782908
10835.187969924813	0.9989844709312363
10835.238095238095	0.9990868837825145
10835.288220551378	0.9991760712091645
10835.338345864662	0.9992543877434382
10835.388471177945	0.999323924269279
10835.438596491229	0.9993864354178497
10835.488721804511	0.9994433073409196
10835.538847117794	0.9994955632930602
10835.588972431078	0.9995438999128836
10835.63909774436	0.999588744644071
10835.689223057645	0.9996303242104448
10835.739348370927	0.999668734846993
10835.78947368421	0.9997040065974664
10835.839598997494	0.9997361561187343
10835.889724310777	0.9997652248347921
10835.939849624061	0.9997913016595963
10835.989974937344	0.9998145315329549
10836.040100250626	0.9998351124353533
10836.09022556391	0.999853284269257
10836.140350877193	0.9998693130843086
10836.190476190477	0.9998834737581764
10836.24060150376	0.99989603362536
10836.290726817042	0.9999072388364679
10836.340852130326	0.9999173045317528
10836.390977443609	0.9999264092747926
10836.441102756893	0.9999346936395253
10836.491228070176	0.99994226239592
10836.541353383458	0.9999491894194855
10836.591478696742	0.9999555242782684
10836.641604010025	0.9999612994353013
10836.69172932331	0.9999665371308092
10836.741854636592	0.9999712552403691
10836.791979949874	0.9999754716911725
10836.842105263158	0.9999792073036861
10836.89223057644	0.9999824871644398
10836.942355889725	0.9999853407991558
10836.992481203008	0.999987801495335
10837.04260651629	0.999989905129577
10837.092731829574	0.9999916888070229
10837.142857142857	0.999993189543694
10837.192982456141	0.999994443138101
10837.243107769424	0.9999954833036406
10837.293233082706	0.9999963410756877
10837.34335839599	0.9999970444700449
10837.393483709273	0.9999976183499635
10837.443609022557	0.9999980844531431
10837.49373433584	0.9999984615326596
10837.543859649122	0.9999987655726635
10837.593984962406	0.9999990100477557
10837.644110275689	0.9999992062025733
10837.694235588973	0.9999993633343391
10837.744360902256	0.9999994890661359
10837.794486215538	0.9999995896025305
10837.844611528822	0.9999996699620632
10837.894736842105	0.9999997341836345
10837.94486215539	0.9999997855056564
10837.994987468672	0.9999998265184581
10838.045112781954	0.9999998592915262
10838.095238095239	0.999999885478004
10838.145363408521	0.9999999063993136
10838.195488721805	0.9999999231128607
10838.245614035088	0.9999999364658132
10838.29573934837	0.9999999471375528
10838.345864661655	0.9999999556731757
10838.395989974937	0.9999999625099502
10838.446115288221	0.999999967998311
10838.496240601504	0.9999999724186301
10838.546365914786	0.9999999759946853
10838.59649122807	0.999999978904552
10838.646616541353	0.9999999812894713
10838.696741854637	0.9999999832610681
10838.74686716792	0.9999999849072357
10838.796992481202	0.9999999862969512
10838.847117794487	0.9999999874841706
10838.89724310777	0.9999999885109915
10838.947368421053	0.9999999894101932
10838.997493734336	0.9999999902072767
10839.047619047618	0.9999999909220717
10839.097744360903	0.9999999915700045
10839.147869674185	0.999999992163118
10839.19799498747	0.9999999927108271
10839.248120300752	0.9999999932205366
10839.298245614034	0.9999999936980939
10839.348370927319	0.999999994148155
10839.398496240601	0.9999999945744482
10839.448621553885	0.9999999949799908
10839.498746867168	0.9999999953672408
10839.54887218045	0.9999999957382202
10839.598997493735	0.999999996094609
10839.649122807017	0.9999999964378106
10839.699248120301	0.9999999967690152
10839.749373433584	0.9999999970892318
10839.799498746866	0.9999999973993333
10839.84962406015	0.999999997700071
10839.899749373433	0.9999999979920985
10839.949874686718	0.9999999982759928
10840.0	0.9999999985522622
