10820.0	1.0
10820.050125313282	0.9999999996957921
10820.100250626567	0.9999999993823752
10820.15037593985	0.9999999990593066
10820.200501253134	0.9999999987261212
10820.250626566416	0.9999999983823238
10820.300751879699	0.9999999980273944
10820.350877192983	0.999999997660782
10820.401002506265	0.9999999972818985
10820.45112781955	0.9999999968901276
10820.501253132832	0.9999999964848104
10820.551378446115	0.9999999960652523
10820.601503759399	0.9999999956307183
10820.651629072681	0.999999995180423
10820.701754385966	0.9999999947135393
10820.751879699248	0.9999999942291864
10820.80200501253	0.9999999937264307
10820.852130325815	0.9999999932042836
10820.902255639097	0.9999999926616921
10820.952380952382	0.9999999920975406
10821.002506265664	0.9999999915106467
10821.052631578947	0.9999999908997528
10821.10275689223	0.9999999902635248
10821.152882205513	0.9999999896005423
10821.203007518798	0.9999999889092993
10821.25313283208	0.9999999881881944
10821.303258145363	0.9999999874355218
10821.353383458647	0.9999999866494725
10821.40350877193	0.9999999858281081
10821.453634085214	0.9999999849693766
10821.503759398496	0.9999999840710833
10821.553884711779	0.9999999831308852
10821.604010025063	0.9999999821462849
10821.654135338345	0.9999999811146157
10821.70426065163	0.9999999800330264
10821.754385964912	0.999999978898466
10821.804511278195	0.9999999777076769
10821.854636591479	0.999999976457174
10821.904761904761	0.9999999751432297
10821.954887218046	0.9999999737618521
10822.005012531328	0.9999999723087788
10822.05513784461	0.9999999707794504
10822.105263157895	0.9999999691689851
10822.155388471178	0.9999999674721731
10822.205513784462	0.9999999656834341
10822.255639097744	0.9999999637968017
10822.305764411027	0.9999999618058837
10822.355889724311	0.9999999597038212
10822.406015037594	0.999999957483244
10822.456140350878	0.9999999551361894
10822.50626566416	0.9999999526540173
10822.556390977443	0.9999999500272844
10822.606516290727	0.9999999472455564
10822.65664160401	0.9999999442971639
10822.706766917294	0.9999999411688223
10822.756892230576	0.999999937845084
10822.807017543859	0.9999999343075272
10822.857142857143	0.9999999305335343
10822.907268170426	0.9999999264944817
10822.95739348371	0.999999922153008
10823.007518796992	0.9999999174589758
10823.057644110275	0.9999999123434823
10823.10776942356	0.9999999067100717
10823.157894736842	0.9999999004219716
10823.208020050126	0.999999893283676
10823.258145363408	0.999999885014763
10823.30827067669	0.999999875212988
10823.358395989975	0.999999863302959
10823.408521303258	0.9999998484657276
10823.458646616542	0.99999982954357
10823.508771929824	0.9999998049133283
10823.558897243107	0.9999997723208552
10823.609022556391	0.999999728668766
10823.659147869674	0.9999996697497898
10823.709273182958	0.9999995899188547
10823.75939849624	0.999999481698374
10823.809523809523	0.9999993353127637
10823.859649122807	0.9999991381494692
10823.90977443609	0.9999988741434881
10823.959899749374	0.9999985230793313
10824.010025062656	0.9999980597968602
10824.060150375939	0.9999974532734965
10824.110275689223	0.999996665533063
10824.160401002506	0.9999956502991454
10824.21052631579	0.9999943512669763
10824.260651629073	0.999992699812393
10824.310776942355	0.9999906118897182
10824.36090225564	0.9999879837941512
10824.411027568922	0.9999846863791874
10824.461152882206	0.9999805572271315
10824.511278195489	0.9999753901803753
10824.561403508771	0.9999689215917427
10824.611528822055	0.9999608127538764
10824.661654135338	0.9999506284475518
10824.711779448622	0.9999378127639991
10824.761904761905	0.9999216656962322
10824.812030075187	0.9999013276028471
10824.862155388471	0.9998757829732915
10824.912280701754	0.9998438982819431
10824.962406015038	0.9998045082711363
10825.01253132832	0.9997565576418098
10825.062656641605	0.9996992894395549
10825.112781954887	0.9996324500354486
10825.16290726817	0.9995564611548434
10825.213032581454	0.9994725021978499
10825.263157894737	0.9993824584559436
10825.313283208021	0.999288721668395
10825.363408521303	0.9991938685645202
10825.413533834586	0.9991002769012577
10825.46365914787	0.9990097567053143
10825.513784461153	0.9989232726788667
10825.563909774437	0.9988408117378543
10825.61403508772	0.9987614097764114
10825.664160401002	0.9986833020417284
10825.714285714286	0.9986041187856474
10825.764411027569	0.9985210326710496
10825.814536340853	0.9984307877563358
10825.864661654135	0.9983295935120764
10825.914786967418	0.9982129286525774
10825.964912280702	0.9980753472874194
10826.015037593985	0.9979104045633443
10826.065162907269	0.9977108189418513
10826.115288220552	0.9974689586232706
10826.165413533834	0.9971776701628083
10826.215538847118	0.9968313569531787
10826.2656641604	0.9964270924317055
10826.315789473685	0.9959654788950297
10826.365914786968	0.9954509999152936
10826.41604010025	0.9948917709894721
10826.466165413534	0.9942987963391002
10826.516290726817	0.9936849774388322
10826.566416040101	0.9930641222654664
10826.616541353384	0.9924500939193772
10826.666666666666	0.9918560936993274
10826.71679197995	0.9912939738075763
10826.766917293233	0.9907734587891965
10826.817042606517	0.9903012394545069
10826.8671679198	0.9898800806175344
10826.917293233082	0.9895082674708915
10826.967418546366	0.9891797375132902
10827.017543859649	0.9888850155156594
10827.067669172933	0.9886127278103987
10827.117794486216	0.9883512762194213
10827.167919799498	0.9880902943392137
10827.218045112782	0.9878216454413234
10827.268170426065	0.9875398011365296
10827.31829573935	0.9872415155974964
10827.368421052632	0.9869249291561211
10827.418546365914	0.9865885498388522
10827.468671679198	0.9862306803996301
10827.518796992481	0.9858495764729577
10827.568922305765	0.9854441185011622
10827.619047619048	0.9850144700615048
10827.66917293233	0.9845623002295861
10827.719298245614	0.9840905123370269
10827.769423558897	0.9836027242759554
10827.819548872181	0.9831027965994209
10827.869674185464	0.9825945418062935
10827.919799498746	0.9820815328617633
10827.96992481203	0.9815667994816832
10828.020050125313	0.9810522149287034
10828.070175438597	0.980537549049823
10828.12030075188	0.9800194698595244
10828.170426065162	0.9794910673849645
10828.220551378447	0.9789424802736151
10828.270676691729	0.9783627641068458
10828.320802005013	0.9777424499038283
10828.370927318296	0.9770758063930012
10828.421052631578	0.9763620213293085
10828.471177944863	0.9756052051952732
10828.521303258145	0.9748136977947571
10828.57142857143	0.9739991566577989
10828.621553884712	0.9731754754752849
10828.671679197994	0.9723573120419403
10828.721804511279	0.9715582449030779
10828.771929824561	0.9707890445165628
10828.822055137845	0.9700567039235134
10828.872180451128	0.9693645519006853
10828.92230576441	0.9687132679602424
10828.972431077695	0.968102316398115
10829.022556390977	0.9675313223391941
10829.072681704261	0.9670010571856963
10829.122807017544	0.9665137982507233
10829.172932330826	0.9660728852444024
10829.22305764411	0.9656814692095296
10829.273182957393	0.9653408047920377
10829.323308270677	0.9650487922860298
10829.37343358396	0.9647995106107223
10829.423558897242	0.9645840579619861
10829.473684210527	0.9643923852186238
10829.52380952381	0.9642154170589842
10829.573934837093	0.964046813417941
10829.624060150376	0.9638840235820925
10829.674185463658	0.9637285155174339
10829.724310776943	0.9635851571342093
10829.774436090225	0.963460824539379
10829.82456140351	0.9633625025905589
10829.874686716792	0.9632953577636775
10829.924812030074	0.9632613689222079
10829.974937343359	0.9632589900080203
10830.025062656641	0.9632839564047293
10830.075187969926	0.963330849617536
10830.125313283208	0.9633946970157493
10830.17543859649	0.9634719912419134
10830.225563909775	0.9635610305308053
10830.275689223057	0.9636619719870393
10830.325814536342	0.9637769799641961
10830.375939849624	0.9639103267870835
10830.426065162907	0.9640678318152477
10830.47619047619	0.9642552355154631
10830.526315789473	0.9644759495628937
10830.576441102758	0.9647293192676075
10830.62656641604	0.9650103853047715
10830.676691729323	0.9653112702181711
10830.726817042607	0.9656234867655793
10830.77694235589	0.9659402280743277
10830.827067669174	0.9662579938614978
10830.877192982456	0.966577303529644
10830.927318295739	0.966902454945377
10830.977443609023	0.9672403866295847
10831.027568922305	0.9675989074383384
10831.07769423559	0.9679848492738723
10831.127819548872	0.9684027947497413
10831.177944862155	0.9688547531202336
10831.228070175439	0.9693406719367396
10831.278195488721	0.9698593297626974
10831.328320802006	0.9704091510911902
10831.378446115288	0.9709887204387107
10831.42857142857	0.9715970078538301
10831.478696741855	0.9722333938933635
10831.528822055137	0.9728975129341149
10831.578947368422	0.9735888527282803
10831.629072681704	0.97430609358219
10831.679197994987	0.9750463622281186
10831.729323308271	0.975804757682831
10831.779448621553	0.9765744674973522
10831.829573934838	0.9773474926390397
10831.87969924812	0.9781156466272946
10831.929824561403	0.9788713648817785
10831.979949874687	0.9796080491637169
10832.03007518797	0.9803200246936288
10832.080200501254	0.9810024333257965
10832.130325814536	0.9816513466283179
10832.180451127819	0.9822641071132815
10832.230576441103	0.9828396359960205
10832.280701754386	0.9833784169251121
10832.33082706767	0.9838820981635112
10832.380952380952	0.9843529390699455
10832.431077694235	0.9847934152014667
10832.481203007519	0.9852061341772609
10832.531328320802	0.985593966957425
10832.581453634086	0.985960181266951
10832.631578947368	0.9863084473390806
10832.68170426065	0.9866427576472463
10832.731829573935	0.9869673835943094
10832.781954887218	0.9872869035831939
10832.832080200502	0.9876061692963374
10832.882205513784	0.9879300123054467
10832.932330827067	0.9882626342829476
10832.982456140351	0.9886068841067535
10833.032581453634	0.9889637886255697
10833.082706766918	0.9893326137192682
10833.1328320802	0.9897114289184372
10833.182957393483	0.9900978403421311
10833.233082706767	0.990489461993379
10833.28320802005	0.9908838912275009
10833.333333333334	0.9912783206455427
10833.383458646616	0.9916692077786936
10833.433583959899	0.9920524204119956
10833.483709273183	0.992423960174387
10833.533834586466	0.9927809567673509
10833.58395989975	0.9931224240455445
10833.634085213032	0.9934494255202678
10833.684210526315	0.9937646725826436
10833.7343358396	0.9940718680013264
10833.784461152882	0.9943751090555596
10833.834586466166	0.9946784461293101
10833.884711779448	0.9949854903853741
10833.934837092731	0.995298948778658
10833.984962406015	0.995620110311704
10834.035087719298	0.9959484584950233
10834.085213032582	0.996281609242619
10834.135338345865	0.996615654860827
10834.185463659147	0.9969458192980936
10834.235588972431	0.9972672086452147
10834.285714285714	0.9975754355763699
10834.335839598998	0.9978669893189284
10834.38596491228	0.9981393439178451
10834.436090225563	0.9983908812315759
10834.486215538847	0.9986207282715139
10834.53634085213	0.9988285877182864
10834.586466165414	0.9990146040968606
10834.636591478697	0.9991792756963038
10834.686716791979	0.9993234016530468
10834.736842105263	0.9994480457168926
10834.786967418546	0.9995545005915738
10834.83709273183	0.9996442444865363
10834.887218045113	0.9997188892559508
10834.937343358395	0.9997801238957862
10834.98746867168	0.9998296579568625
10835.037593984962	0.9998691683486159
10835.087719298246	0.99990025188383
10835.137844611529	0.9999243854932277
10835.187969924813	0.9999428960052658
10835.238095238095	0.9999569410859654
10835.288220551378	0.9999675020196209
10835.338345864662	0.9999753876422567
10835.388471177945	0.9999812473800089
10835.438596491229	0.99998559044366
10835.488721804511	0.9999888080039044
10835.538847117794	0.9999911955633949
10835.588972431078	0.9999929735152264
10835.63909774436	0.9999943047544463
10835.689223057645	0.9999953089705548
10835.739348370927	0.999996073782175
10835.78947368421	0.9999966631653238
10835.839598997494	0.999997123721606
10835.889724310777	0.9999974893031228
10835.939849624061	0.9999977844221358
10835.989974937344	0.9999980267717243
10836.040100250626	0.9999982290940865
10836.09022556391	0.9999984005646921
10836.140350877193	0.9999985478126682
10836.190476190477	0.9999986756657799
10836.24060150376	0.9999987876870905
10836.290726817042	0.9999988865554406
10836.340852130326	0.9999989743306826
10836.390977443609	0.9999990526356506
10836.441102756893	0.999999122779392
10836.491228070176	0.9999991858399926
10836.541353383458	0.9999992427203086
10836.591478696742	0.9999992941859371
10836.641604010025	0.9999993408917698
10836.69172932331	0.9999993834012703
10836.741854636592	0.9999994222011303
10836.791979949874	0.9999994577128589
10836.842105263158	0.9999994903023114
10836.89223057644	0.9999995202876859
10836.942355889725	0.9999995479463194
10836.992481203008	0.9999995735205073
10837.04260651629	0.9999995972224677
10837.092731829574	0.9999996192385704
10837.142857142857	0.999999639732937
10837.192982456141	0.9999996588504809
10837.243107769424	0.9999996767194824
10837.293233082706	0.9999996934537624
10837.34335839599	0.9999997091545333
10837.393483709273	0.9999997239119609
10837.443609022557	0.9999997378065064
10837.49373433584	0.9999997509100758
10837.543859649122	0.9999997632870086
10837.593984962406	0.9999997749949447
10837.644110275689	0.9999997860855703
10837.694235588973	0.9999997966052748
10837.744360902256	0.9999998065957374
10837.794486215538	0.9999998160944327
10837.844611528822	0.999999825135082
10837.894736842105	0.9999998337480651
10837.94486215539	0.9999998419607644
10837.994987468672	0.9999998497978978
10838.045112781954	0.9999998572817999
10838.095238095239	0.9999998644326704
10838.145363408521	0.9999998712688151
10838.195488721805	0.9999998778068455
10838.245614035088	0.9999998840618611
10838.29573934837	0.9999998900476216
10838.345864661655	0.9999998957766935
10838.395989974937	0.9999999012605892
10838.446115288221	0.9999999065098834
10838.496240601504	0.9999999115343281
10838.546365914786	0.9999999163429494
10838.59649122807	0.9999999209441349
10838.646616541353	0.9999999253457214
10838.696741854637	0.9999999295550505
10838.74686716792	0.999999933579049
10838.796992481202	0.9999999374242786
10838.847117794487	0.9999999410969833
10838.89724310777	0.9999999446031396
10838.947368421053	0.9999999479484881
10838.997493734336	0.9999999511385728
10839.047619047618	0.9999999541787642
10839.097744360903	0.9999999570742882
10839.147869674185	0.9999999598302445
10839.19799498747	0.9999999624516169
10839.248120300752	0.9999999649432978
10839.298245614034	0.99999996731009
10839.348370927319	0.9999999695567162
10839.398496240601	0.9999999716878243
10839.448621553885	0.9999999737079889
10839.498746867168	0.9999999756217165
10839.54887218045	0.9999999774334392
10839.598997493735	0.9999999791475219
10839.649122807017	0.9999999807682456
10839.699248120301	0.9999999822998203
10839.749373433584	0.9999999837463707
10839.799498746866	0.9999999851119326
10839.84962406015	0.999999986400454
10839.899749373433	0.9999999876157835
10839.949874686718	0.9999999887616704
10840.0	0.9999999898417588
