10820.0	1.0
10820.050125313282	0.9999999999625281
10820.100250626567	0.9999999999243078
10820.15037593985	0.9999999998853124
10820.200501253134	0.9999999998455178
10820.250626566416	0.9999999998049
10820.300751879699	0.9999999997634313
10820.350877192983	0.999999999721085
10820.401002506265	0.9999999996778312
10820.45112781955	0.9999999996336378
10820.501253132832	0.9999999995884773
10820.551378446115	0.9999999995423144
10820.601503759399	0.9999999994951134
10820.651629072681	0.9999999994468423
10820.701754385966	0.9999999993974567
10820.751879699248	0.9999999993469195
10820.80200501253	0.9999999992951889
10820.852130325815	0.9999999992422185
10820.902255639097	0.9999999991879657
10820.952380952382	0.9999999991323757
10821.002506265664	0.9999999990753973
10821.052631578947	0.9999999990169767
10821.10275689223	0.9999999989570558
10821.152882205513	0.9999999988955715
10821.203007518798	0.9999999988324528
10821.25313283208	0.999999998767636
10821.303258145363	0.9999999987010442
10821.353383458647	0.9999999986325948
10821.40350877193	0.9999999985622076
10821.453634085214	0.9999999984897905
10821.503759398496	0.9999999984152483
10821.553884711779	0.9999999983384787
10821.604010025063	0.9999999982593722
10821.654135338345	0.9999999981778178
10821.70426065163	0.9999999980936854
10821.754385964912	0.9999999980068451
10821.804511278195	0.9999999979171529
10821.854636591479	0.9999999978244583
10821.904761904761	0.9999999977285944
10821.954887218046	0.9999999976293753
10822.005012531328	0.9999999975266073
10822.05513784461	0.9999999974200667
10822.105263157895	0.9999999973095102
10822.155388471178	0.9999999971946573
10822.205513784462	0.9999999970751922
10822.255639097744	0.9999999969507438
10822.305764411027	0.999999996820883
10822.355889724311	0.999999996685093
10822.406015037594	0.9999999965427464
10822.456140350878	0.9999999963930696
10822.50626566416	0.9999999962350847
10822.556390977443	0.9999999960675371
10822.606516290727	0.9999999958887852
10822.65664160401	0.9999999956966334
10822.706766917294	0.9999999954881235
10822.756892230576	0.99999999525921
10822.807017543859	0.9999999950043484
10822.857142857143	0.9999999947159214
10822.907268170426	0.9999999943834972
10822.95739348371	0.9999999939929081
10823.007518796992	0.9999999935250761
10823.057644110275	0.9999999929546844
10823.10776942356	0.9999999922486376
10823.157894736842	0.9999999913644463
10823.208020050126	0.999999990248637
10823.258145363408	0.9999999888353722
10823.30827067669	0.9999999870455297
10823.358395989975	0.9999999847865146
10823.408521303258	0.9999999819531165
10823.458646616542	0.9999999784297288
10823.508771929824	0.9999999740941417
10823.558897243107	0.9999999688230183
10823.609022556391	0.9999999624989679
10823.659147869674	0.9999999550188272
10823.709273182958	0.9999999463024211
10823.75939849624	0.9999999363006695
10823.809523809523	0.999999925001449
10823.859649122807	0.9999999124311422
10823.90977443609	0.9999998986492612
10823.959899749374	0.999999883732958
10824.010025062656	0.9999998677473444
10824.060150375939	0.9999998506964035
10824.110275689223	0.999999832447388
10824.160401002506	0.9999998126189488
10824.21052631579	0.9999997904198424
10824.260651629073	0.9999997644207905
10824.310776942355	0.9999997322369388
10824.36090225564	0.9999996900899409
10824.411027568922	0.9999996322004429
10824.461152882206	0.999999549921369
10824.511278195489	0.9999994304453402
10824.561403508771	0.9999992548047788
10824.611528822055	0.9999989947728101
10824.661654135338	0.9999986082851275
10824.711779448622	0.9999980333328636
10824.761904761905	0.9999971811135924
10824.812030075187	0.999995930548872
10824.862155388471	0.9999941275729337
10824.912280701754	0.9999915927368996
10824.962406015038	0.9999881382534312
10825.01253132832	0.999983590048058
10825.062656641605	0.9999778034987504
10825.112781954887	0.9999706584149473
10825.16290726817	0.9999620261229091
10825.213032581454	0.9999517223229606
10825.263157894737	0.9999394861207498
10825.313283208021	0.9999250377374587
10825.363408521303	0.999908240838651
10825.413533834586	0.9998893252073211
10825.46365914787	0.9998690469026768
10825.513784461153	0.9998486440979668
10825.563909774437	0.9998295363420758
10825.61403508772	0.9998128788782353
10825.664160401002	0.9997992023245881
10825.714285714286	0.9997883298381671
10825.764411027569	0.99977957980107
10825.814536340853	0.9997720769975421
10825.864661654135	0.9997649621014094
10825.914786967418	0.9997574206899453
10825.964912280702	0.9997486088592573
10826.015037593985	0.9997375870853998
10826.065162907269	0.999723286135366
10826.115288220552	0.9997044509279405
10826.165413533834	0.999679547972468
10826.215538847118	0.9996467314654747
10826.2656641604	0.9996039845914013
10826.315789473685	0.9995494084580423
10826.365914786968	0.9994814536647322
10826.41604010025	0.9993989129973654
10826.466165413534	0.9993007790289977
10826.516290726817	0.9991863618159401
10826.566416040101	0.9990559903977417
10826.616541353384	0.998912101962223
10826.666666666666	0.9987599465966819
10826.71679197995	0.9986071059484615
10826.766917293233	0.9984617567245934
10826.817042606517	0.9983305586370645
10826.8671679198	0.9982173163525557
10826.917293233082	0.998122875302012
10826.967418546366	0.9980457970729664
10827.017543859649	0.997983169057714
10827.067669172933	0.9979314378899408
10827.117794486216	0.9978874768387822
10827.167919799498	0.9978496446745512
10827.218045112782	0.9978180413064345
10827.268170426065	0.9977934897821699
10827.31829573935	0.9977758417200244
10827.368421052632	0.9977628613477539
10827.418546365914	0.9977504472675481
10827.468671679198	0.9977338406466986
10827.518796992481	0.9977088647230742
10827.568922305765	0.9976726133321676
10827.619047619048	0.9976238140683135
10827.66917293233	0.9975633704024514
10827.719298245614	0.9974949343030467
10827.769423558897	0.9974245334576527
10827.819548872181	0.9973584988315132
10827.869674185464	0.9973003849540829
10827.919799498746	0.9972488563018085
10827.96992481203	0.9971980881838037
10828.020050125313	0.9971403294673489
10828.070175438597	0.997068788617733
10828.12030075188	0.9969793000134097
10828.170426065162	0.9968707111604777
10828.220551378447	0.9967449109992226
10828.270676691729	0.9966069576460873
10828.320802005013	0.9964646312507849
10828.370927318296	0.9963265143733633
10828.421052631578	0.9961989124627079
10828.471177944863	0.9960833751096211
10828.521303258145	0.9959766118817243
10828.57142857143	0.9958728837625226
10828.621553884712	0.9957670143667005
10828.671679197994	0.9956559339754286
10828.721804511279	0.9955383563203312
10828.771929824561	0.995413965444205
10828.822055137845	0.9952835212790003
10828.872180451128	0.9951497444399389
10828.92230576441	0.9950175789221872
10828.972431077695	0.9948929078824387
10829.022556390977	0.9947804945723037
10829.072681704261	0.9946828938458955
10829.122807017544	0.9946010949333615
10829.172932330826	0.9945357179190881
10829.22305764411	0.9944869366856104
10829.273182957393	0.9944528421454935
10829.323308270677	0.9944281014408352
10829.37343358396	0.9944050528547406
10829.423558897242	0.9943772104704147
10829.473684210527	0.9943426948683256
10829.52380952381	0.9943049897492897
10829.573934837093	0.9942707483577176
10829.624060150376	0.9942466445563578
10829.674185463658	0.994237317630869
10829.724310776943	0.9942447387665733
10829.774436090225	0.9942680249266288
10829.82456140351	0.994303131292769
10829.874686716792	0.9943430389320287
10829.924812030074	0.9943792498017986
10829.974937343359	0.9944042231124532
10830.025062656641	0.9944132681759822
10830.075187969926	0.9944047941377449
10830.125313283208	0.9943793467227903
10830.17543859649	0.9943388334243655
10830.225563909775	0.9942867715389465
10830.275689223057	0.9942289856878298
10830.325814536342	0.9941733557326492
10830.375939849624	0.9941278173108129
10830.426065162907	0.9940974630992361
10830.47619047619	0.9940827944247919
10830.526315789473	0.9940805572432962
10830.576441102758	0.9940865052787179
10830.62656641604	0.9940978688795685
10830.676691729323	0.9941138748835074
10830.726817042607	0.9941347520023979
10830.77694235589	0.9941609835547366
10830.827067669174	0.9941936986372312
10830.877192982456	0.9942351896769316
10830.927318295739	0.99428801973923
10830.977443609023	0.994352719749089
10831.027568922305	0.9944258530338657
10831.07769423559	0.9945001959591291
10831.127819548872	0.9945670012062866
10831.177944862155	0.9946187073629079
10831.228070175439	0.9946506053520322
10831.278195488721	0.9946613741140107
10831.328320802006	0.994653266126111
10831.378446115288	0.9946322055690195
10831.42857142857	0.994607117159926
10831.478696741855	0.9945878474452678
10831.528822055137	0.9945822405721682
10831.578947368422	0.9945940604465644
10831.629072681704	0.994623230853841
10831.679197994987	0.9946682562866048
10831.729323308271	0.9947289873485595
10831.779448621553	0.9948077029330228
10831.829573934838	0.9949081210650932
10831.87969924812	0.9950337479917976
10831.929824561403	0.9951869668218885
10831.979949874687	0.9953687249802398
10832.03007518797	0.995577725372002
10832.080200501254	0.9958088116545203
10832.130325814536	0.9960517502811633
10832.180451127819	0.9962920800565758
10832.230576441103	0.9965144072279302
10832.280701754386	0.9967065257019763
10832.33082706767	0.9968619662131835
10832.380952380952	0.9969798382412371
10832.431077694235	0.9970629123096406
10832.481203007519	0.9971158649948246
10832.531328320802	0.9971447489506875
10832.581453634086	0.9971571509304809
10832.631578947368	0.9971618613180493
10832.68170426065	0.9971676498393998
10832.731829573935	0.9971818133881354
10832.781954887218	0.997209378509029
10832.832080200502	0.9972531921918096
10832.882205513784	0.9973144326616455
10832.932330827067	0.9973930090456777
10832.982456140351	0.9974878035949061
10833.032581453634	0.9975970137375955
10833.082706766918	0.9977186200152853
10833.1328320802	0.9978507421693621
10833.182957393483	0.9979917837141865
10833.233082706767	0.9981404846156862
10833.28320802005	0.9982959263796665
10833.333333333334	0.9984573479172335
10833.383458646616	0.9986236397270759
10833.433583959899	0.9987926144341917
10833.483709273183	0.9989604613193065
10833.533834586466	0.9991219032857974
10833.58395989975	0.9992712240370406
10833.634085213032	0.9994037131859133
10833.684210526315	0.9995167648266555
10833.7343358396	0.9996101398997621
10833.784461152882	0.9996854566703158
10833.834586466166	0.9997453389104451
10833.884711779448	0.9997926502879456
10833.934837092731	0.9998300186611954
10833.984962406015	0.9998596370116754
10834.035087719298	0.999883237407615
10834.085213032582	0.9999021465919088
10834.135338345865	0.999917371749919
10834.185463659147	0.9999296897500074
10834.235588972431	0.9999397221711177
10834.285714285714	0.9999479848881292
10834.335839598998	0.9999549104645832
10834.38596491228	0.9999608509432089
10834.436090225563	0.9999660732315574
10834.486215538847	0.9999707579379358
10834.53634085213	0.9999750073765998
10834.586466165414	0.9999788627607681
10834.636591478697	0.9999823266858915
10834.686716791979	0.9999853856728198
10834.736842105263	0.999988028361075
10834.786967418546	0.9999902569214794
10834.83709273183	0.9999920914009314
10834.887218045113	0.9999935683388622
10834.937343358395	0.9999947358179566
10834.98746867168	0.9999956471717835
10835.037593984962	0.999996355104827
10835.087719298246	0.9999969072801277
10835.137844611529	0.9999973437468
10835.187969924813	0.999997696068768
10835.238095238095	0.9999979877305518
10835.288220551378	0.9999982353124253
10835.338345864662	0.9999984499825887
10835.388471177945	0.9999986389776163
10835.438596491229	0.9999988068780854
10835.488721804511	0.9999989565997265
10835.538847117794	0.9999990900981922
10835.588972431078	0.9999992088286288
10835.63909774436	0.999999314017489
10835.689223057645	0.9999994068035368
10835.739348370927	0.9999994882958348
10835.78947368421	0.9999995595846407
10835.839598997494	0.9999996217298502
10835.889724310777	0.9999996757423393
10835.939849624061	0.9999997225667118
10835.989974937344	0.9999997630692609
10836.040100250626	0.9999997980321353
10836.09022556391	0.9999998281530029
10836.140350877193	0.9999998540488768
10836.190476190477	0.99999987626259
10836.24060150376	0.99999989527054
10836.290726817042	0.9999999114907249
10836.340852130326	0.9999999252903045
10836.390977443609	0.9999999369923546
10836.441102756893	0.9999999468816089
10836.491228070176	0.9999999552092527
10836.541353383458	0.9999999621968377
10836.591478696742	0.9999999680394918
10836.641604010025	0.9999999729086088
10836.69172932331	0.9999999769541351
10836.741854636592	0.9999999803065964
10836.791979949874	0.9999999830789527
10836.842105263158	0.9999999853683246
10836.89223057644	0.9999999872576302
10836.942355889725	0.9999999888171639
10836.992481203008	0.9999999901060772
10837.04260651629	0.9999999911737864
10837.092731829574	0.9999999920612883
10837.142857142857	0.9999999928023697
10837.192982456141	0.9999999934246998
10837.243107769424	0.999999993950811
10837.293233082706	0.9999999943989598
10837.34335839599	0.9999999947838834
10837.393483709273	0.9999999951174312
10837.443609022557	0.9999999954091123
10837.49373433584	0.9999999956665458
10837.543859649122	0.9999999958958354
10837.593984962406	0.9999999961018725
10837.644110275689	0.9999999962885859
10837.694235588973	0.9999999964591362
10837.744360902256	0.999999996616077
10837.794486215538	0.9999999967614771
10837.844611528822	0.9999999968970233
10837.894736842105	0.9999999970240888
10837.94486215539	0.9999999971438104
10837.994987468672	0.9999999972571216
10838.045112781954	0.9999999973647984
10838.095238095239	0.9999999974674886
10838.145363408521	0.9999999975657348
10838.195488721805	0.9999999976599907
10838.245614035088	0.999999997750647
10838.29573934837	0.9999999978380291
10838.345864661655	0.9999999979224183
10838.395989974937	0.9999999980040557
10838.446115288221	0.9999999980831484
10838.496240601504	0.9999999981598782
10838.546365914786	0.9999999982344027
10838.59649122807	0.9999999983068589
10838.646616541353	0.9999999983773712
10838.696741854637	0.9999999984460475
10838.74686716792	0.9999999985129835
10838.796992481202	0.9999999985782672
10838.847117794487	0.9999999986419781
10838.89724310777	0.9999999987041851
10838.947368421053	0.9999999987649562
10838.997493734336	0.9999999988243491
10839.047619047618	0.99999999888242
10839.097744360903	0.9999999989392193
10839.147869674185	0.9999999989947944
10839.19799498747	0.999999999049188
10839.248120300752	0.9999999991024431
10839.298245614034	0.9999999991545978
10839.348370927319	0.9999999992056877
10839.398496240601	0.999999999255748
10839.448621553885	0.9999999993048084
10839.498746867168	0.9999999993529025
10839.54887218045	0.9999999994000572
10839.598997493735	0.9999999994463028
10839.649122807017	0.9999999994916626
10839.699248120301	0.9999999995361638
10839.749373433584	0.9999999995798292
10839.799498746866	0.9999999996226809
10839.84962406015	0.999999999664743
10839.899749373433	0.9999999997060353
10839.949874686718	0.999999999746577
10840.0	0.9999999997863896
