10820.0	1.0
10820.050125313282	0.999999999953915
10820.100250626567	0.99999999990699
10820.15037593985	0.9999999998592044
10820.200501253134	0.9999999998105317
10820.250626566416	0.9999999997609439
10820.300751879699	0.9999999997104121
10820.350877192983	0.9999999996589096
10820.401002506265	0.9999999996064034
10820.45112781955	0.9999999995528592
10820.501253132832	0.9999999994982448
10820.551378446115	0.9999999994425187
10820.601503759399	0.9999999993856458
10820.651629072681	0.9999999993275822
10820.701754385966	0.9999999992682829
10820.751879699248	0.9999999992076977
10820.80200501253	0.99999999914578
10820.852130325815	0.9999999990824681
10820.902255639097	0.9999999990177055
10820.952380952382	0.9999999989514297
10821.002506265664	0.9999999988835714
10821.052631578947	0.9999999988140514
10821.10275689223	0.9999999987427908
10821.152882205513	0.9999999986697008
10821.203007518798	0.9999999985946899
10821.25313283208	0.999999998517647
10821.303258145363	0.9999999984384598
10821.353383458647	0.9999999983570069
10821.40350877193	0.9999999982731501
10821.453634085214	0.999999998186741
10821.503759398496	0.9999999980976185
10821.553884711779	0.9999999980056014
10821.604010025063	0.9999999979104932
10821.654135338345	0.9999999978120799
10821.70426065163	0.9999999977101248
10821.754385964912	0.9999999976043598
10821.804511278195	0.9999999974945
10821.854636591479	0.9999999973802227
10821.904761904761	0.9999999972611681
10821.954887218046	0.9999999971369365
10822.005012531328	0.9999999970070791
10822.05513784461	0.9999999968710864
10822.105263157895	0.9999999967283849
10822.155388471178	0.9999999965783081
10822.205513784462	0.9999999964200821
10822.255639097744	0.999999996252803
10822.305764411027	0.9999999960753896
10822.355889724311	0.9999999958865303
10822.406015037594	0.9999999956846083
10822.456140350878	0.9999999954676112
10822.50626566416	0.9999999952329788
10822.556390977443	0.9999999949774337
10822.606516290727	0.9999999946967272
10822.65664160401	0.999999994385322
10822.706766917294	0.9999999940359836
10822.756892230576	0.9999999936392396
10822.807017543859	0.9999999931827526
10822.857142857143	0.9999999926505093
10822.907268170426	0.999999992021903
10822.95739348371	0.9999999912706588
10823.007518796992	0.9999999903636565
10823.057644110275	0.9999999892596895
10823.10776942356	0.9999999879082091
10823.157894736842	0.999999986248167
10823.208020050126	0.9999999842070478
10823.258145363408	0.9999999817002121
10823.30827067669	0.9999999786306172
10823.358395989975	0.9999999748889442
10823.408521303258	0.9999999703540008
10823.458646616542	0.9999999648929719
10823.508771929824	0.9999999583607493
10823.558897243107	0.9999999505969207
10823.609022556391	0.9999999414181555
10823.659147869674	0.9999999306028572
10823.709273182958	0.9999999178638146
10823.75939849624	0.9999999028038647
10823.809523809523	0.9999998848493827
10823.859649122807	0.9999998631572794
10823.90977443609	0.9999998364936684
10823.959899749374	0.9999998030862319
10824.010025062656	0.9999997604572644
10824.060150375939	0.9999997052490437
10824.110275689223	0.9999996330555669
10824.160401002506	0.9999995382730739
10824.21052631579	0.9999994139758712
10824.260651629073	0.9999992518153082
10824.310776942355	0.9999990419328355
10824.36090225564	0.9999987728763304
10824.411027568922	0.9999984315107049
10824.461152882206	0.9999980029058776
10824.511278195489	0.9999974701421632
10824.561403508771	0.9999968138699546
10824.611528822055	0.9999960113046985
10824.661654135338	0.9999950342126026
10824.711779448622	0.9999938455313491
10824.761904761905	0.9999923948104704
10824.812030075187	0.9999906137748796
10824.862155388471	0.9999884147717589
10824.912280701754	0.9999856958527941
10824.962406015038	0.9999823555373909
10825.01253132832	0.9999783168979167
10825.062656641605	0.9999735547947506
10825.112781954887	0.999968114221343
10825.16290726817	0.999962105784866
10825.213032581454	0.9999556699177186
10825.263157894737	0.9999489148190699
10825.313283208021	0.9999418497000212
10825.363408521303	0.9999343459232383
10825.413533834586	0.9999261551333464
10825.46365914787	0.9999169917700079
10825.513784461153	0.999906653653681
10825.563909774437	0.9998951250695542
10825.61403508772	0.9998826015634628
10825.664160401002	0.9998694044257762
10825.714285714286	0.9998558055771942
10825.764411027569	0.9998418329352422
10825.814536340853	0.9998271439315994
10825.864661654135	0.9998110293242255
10825.914786967418	0.9997925527288944
10825.964912280702	0.9997707708785138
10826.015037593985	0.9997449451014707
10826.065162907269	0.9997146644915885
10826.115288220552	0.9996798522844228
10826.165413533834	0.9996406903432404
10826.215538847118	0.9995975318056797
10826.2656641604	0.9995508536714532
10826.315789473685	0.9995012410966616
10826.365914786968	0.9994493378520348
10826.41604010025	0.9993956910455698
10826.466165413534	0.9993404813675065
10826.516290726817	0.9992832351652682
10826.566416040101	0.9992226964028935
10826.616541353384	0.9991570235948124
10826.666666666666	0.9990843384858726
10826.71679197995	0.9990034416836785
10826.766917293233	0.9989143566600058
10826.817042606517	0.9988183973908031
10826.8671679198	0.9987176875974071
10826.917293233082	0.99861434333365
10826.967418546366	0.9985096738917688
10827.017543859649	0.9984037000760595
10827.067669172933	0.9982951431092882
10827.117794486216	0.9981819194081437
10827.167919799498	0.998062068308417
10827.218045112782	0.9979348635283263
10827.268170426065	0.9978016652915753
10827.31829573935	0.9976660541524724
10827.368421052632	0.9975330735129456
10827.418546365914	0.997407861344113
10827.468671679198	0.9972942655936015
10827.518796992481	0.9971939980993987
10827.568922305765	0.9971065303584085
10827.619047619048	0.9970295148305972
10827.66917293233	0.9969593074647592
10827.719298245614	0.9968913028693648
10827.769423558897	0.9968201270773989
10827.819548872181	0.9967399273349157
10827.869674185464	0.996644858989177
10827.919799498746	0.9965295882405883
10827.96992481203	0.9963895885280528
10828.020050125313	0.9962213075348018
10828.070175438597	0.9960225686686193
10828.12030075188	0.9957934334484129
10828.170426065162	0.9955372259010845
10828.220551378447	0.9952610062821431
10828.270676691729	0.9949749311085584
10828.320802005013	0.9946905632047061
10828.370927318296	0.9944187505963286
10828.421052631578	0.9941677645428567
10828.471177944863	0.9939421104620276
10828.521303258145	0.9937421831720115
10828.57142857143	0.9935648218403439
10828.621553884712	0.9934046517617576
10828.671679197994	0.9932558514375672
10828.721804511279	0.9931138442184722
10828.771929824561	0.992976476227378
10828.822055137845	0.9928444059744327
10828.872180451128	0.9927206176479978
10828.92230576441	0.9926092080597387
10828.972431077695	0.9925138721223741
10829.022556390977	0.9924366762866846
10829.072681704261	0.9923775896063708
10829.122807017544	0.9923348219476801
10829.172932330826	0.9923055567514363
10829.22305764411	0.9922865449525126
10829.273182957393	0.9922743404465154
10829.323308270677	0.9922653707361445
10829.37343358396	0.9922561836276839
10829.423558897242	0.9922440179803066
10829.473684210527	0.9922274747345233
10829.52380952381	0.9922068310066422
10829.573934837093	0.9921837256042403
10829.624060150376	0.9921604074740411
10829.674185463658	0.9921389892130659
10829.724310776943	0.9921209702621526
10829.774436090225	0.9921070012913505
10829.82456140351	0.9920968220217269
10829.874686716792	0.9920894639124033
10829.924812030074	0.9920838175052735
10829.974937343359	0.9920793962014886
10830.025062656641	0.9920768777801146
10830.075187969926	0.9920780915945092
10830.125313283208	0.9920854616218421
10830.17543859649	0.9921011742528852
10830.225563909775	0.9921263761122545
10830.275689223057	0.9921606407776857
10830.325814536342	0.9922018461502898
10830.375939849624	0.9922464789742548
10830.426065162907	0.992290314065214
10830.47619047619	0.992329375685707
10830.526315789473	0.9923608976016363
10830.576441102758	0.9923838093416343
10830.62656641604	0.9923985194607006
10830.676691729323	0.9924063373663049
10830.726817042607	0.9924091105655152
10830.77694235589	0.9924093009926257
10830.827067669174	0.9924102344451127
10830.877192982456	0.9924160886116603
10830.927318295739	0.992431370875474
10830.977443609023	0.9924599588230973
10831.027568922305	0.9925039914540558
10831.07769423559	0.9925629283896491
10831.127819548872	0.9926330886132154
10831.177944862155	0.9927080176370787
10831.228070175439	0.9927798840927466
10831.278195488721	0.9928416019577309
10831.328320802006	0.9928888204852774
10831.378446115288	0.992920844171753
10831.42857142857	0.9929400945448552
10831.478696741855	0.9929505455957255
10831.528822055137	0.9929561057492667
10831.578947368422	0.9929598282025457
10831.629072681704	0.992964176532945
10831.679197994987	0.9929718221091692
10831.729323308271	0.9929861755807629
10831.779448621553	0.993011261865643
10831.829573934838	0.9930512085835831
10831.87969924812	0.9931098677120761
10831.929824561403	0.9931907997416531
10831.979949874687	0.9932974928063456
10832.03007518797	0.9934335862935634
10832.080200501254	0.9936028674853762
10832.130325814536	0.9938088038851761
10832.180451127819	0.9940535358569681
10832.230576441103	0.9943366025122721
10832.280701754386	0.9946538841208208
10832.33082706767	0.9949970966117034
10832.380952380952	0.9953539250192446
10832.431077694235	0.9957089218459606
10832.481203007519	0.9960454671718132
10832.531328320802	0.9963487876569365
10832.581453634086	0.9966091951749041
10832.631578947368	0.996824146418883
10832.68170426065	0.9969981203958139
10832.731829573935	0.9971403593111335
10832.781954887218	0.9972614400344019
10832.832080200502	0.9973700131659626
10832.882205513784	0.9974708654111908
10832.932330827067	0.9975648691888092
10832.982456140351	0.9976506026403034
10833.032581453634	0.9977267620824339
10833.082706766918	0.9977942232170915
10833.1328320802	0.9978568556986175
10833.182957393483	0.9979208530542687
10833.233082706767	0.9979930646689785
10833.28320802005	0.9980791851621137
10833.333333333334	0.9981824853089989
10833.383458646616	0.9983032889849957
10833.433583959899	0.9984390351063013
10833.483709273183	0.9985847180606526
10833.533834586466	0.9987336317856879
10833.58395989975	0.9988784057686046
10833.634085213032	0.9990122347772233
10833.684210526315	0.9991300659850174
10833.7343358396	0.9992294462427087
10833.784461152882	0.9993107964506576
10833.834586466166	0.9993770335549036
10833.884711779448	0.9994326427436934
10833.934837092731	0.9994824605613964
10833.984962406015	0.999530513553756
10834.035087719298	0.9995792278932505
10834.085213032582	0.9996291889195076
10834.135338345865	0.9996794409006581
10834.185463659147	0.9997281487333926
10834.235588972431	0.9997733526176754
10834.285714285714	0.9998135621998645
10834.335839598998	0.9998480448566656
10834.38596491228	0.999876807211768
10834.436090225563	0.9999003783940176
10834.486215538847	0.9999195364282211
10834.53634085213	0.99993508436877
10834.586466165414	0.9999477207413403
10834.636591478697	0.9999579973884708
10834.686716791979	0.9999663330287631
10834.736842105263	0.9999730493110883
10834.786967418546	0.9999784065427937
10834.83709273183	0.999982628623731
10834.887218045113	0.9999859157810348
10834.937343358395	0.9999884483047337
10834.98746867168	0.9999903856184584
10835.037593984962	0.9999918642301139
10835.087719298246	0.9999929966641751
10835.137844611529	0.9999938721407425
10835.187969924813	0.9999945588576209
10835.238095238095	0.999995107289646
10835.288220551378	0.999995553839254
10835.338345864662	0.999995924304956
10835.388471177945	0.9999962368454781
10835.438596491229	0.9999965043153427
10835.488721804511	0.9999967359888369
10835.538847117794	0.9999969387657935
10835.588972431078	0.9999971179777026
10835.63909774436	0.9999972779060975
10835.689223057645	0.9999974221041649
10835.739348370927	0.9999975535889081
10835.78947368421	0.9999976749507427
10835.839598997494	0.9999977884121372
10835.889724310777	0.9999978958563255
10835.939849624061	0.9999979988403231
10835.989974937344	0.9999980986019282
10836.040100250626	0.9999981960673835
10836.09022556391	0.9999982918640279
10836.140350877193	0.9999983863404888
10836.190476190477	0.9999984795952553
10836.24060150376	0.9999985715131551
10836.290726817042	0.9999986618081558
10836.340852130326	0.9999987500700955
10836.390977443609	0.9999988358125661
10836.441102756893	0.9999989185191092
10836.491228070176	0.9999989976851272
10836.541353383458	0.9999990728534471
10836.591478696742	0.9999991436421186
10836.641604010025	0.9999992097637461
10836.69172932331	0.9999992710363903
10836.741854636592	0.9999993273865915
10836.791979949874	0.9999993788455953
10836.842105263158	0.9999994255401059
10836.89223057644	0.9999994676790415
10836.942355889725	0.9999995055377496
10836.992481203008	0.9999995394410417
10837.04260651629	0.9999995697462153
10837.092731829574	0.9999995968269634
10837.142857142857	0.9999996210589187
10837.192982456141	0.9999996428072522
10837.243107769424	0.999999662416601
10837.293233082706	0.9999996802034269
10837.34335839599	0.9999996964507397
10837.393483709273	0.9999997114050243
10837.443609022557	0.9999997252751869
10837.49373433584	0.9999997382331869
10837.543859649122	0.9999997504161117
10837.593984962406	0.9999997619293233
10837.644110275689	0.9999997728504436
10837.694235588973	0.9999997832337789
10837.744360902256	0.99999979311499
10837.794486215538	0.9999998025157416
10837.844611528822	0.9999998114480787
10837.894736842105	0.9999998199184046
10837.94486215539	0.9999998279308919
10837.994987468672	0.9999998354902745
10838.045112781954	0.999999842603925
10838.095238095239	0.9999998492832685
10838.145363408521	0.9999998555445221
10838.195488721805	0.999999861408837
10838.245614035088	0.9999998669019498
10838.29573934837	0.9999998720534116
10838.345864661655	0.9999998768955346
10838.395989974937	0.9999998814621657
10838.446115288221	0.9999998857874084
10838.496240601504	0.9999998899043528
10838.546365914786	0.999999893843961
10838.59649122807	0.9999998976341151
10838.646616541353	0.9999999012989016
10838.696741854637	0.9999999048581514
10838.74686716792	0.9999999083272427
10838.796992481202	0.9999999117171327
10838.847117794487	0.9999999150346255
10838.89724310777	0.9999999182828022
10838.947368421053	0.9999999214615966
10838.997493734336	0.9999999245684463
10839.047619047618	0.9999999275989913
10839.097744360903	0.9999999305477556
10839.147869674185	0.9999999334088039
10839.19799498747	0.9999999361762923
10839.248120300752	0.9999999388449783
10839.298245614034	0.9999999414105571
10839.348370927319	0.9999999438699468
10839.398496240601	0.9999999462214322
10839.448621553885	0.9999999484647115
10839.498746867168	0.9999999506008763
10839.54887218045	0.9999999526322929
10839.598997493735	0.9999999545624627
10839.649122807017	0.9999999563958241
10839.699248120301	0.999999958137546
10839.749373433584	0.9999999597933215
10839.799498746866	0.999999961369161
10839.84962406015	0.9999999628712103
10839.899749373433	0.9999999643055825
10839.949874686718	0.9999999656782292
10840.0	0.9999999669948317
