10820.0	1.0
10820.050125313282	0.9999999996998846
10820.100250626567	0.9999999993935527
10820.15037593985	0.9999999990808349
10820.200501253134	0.9999999987615488
10820.250626566416	0.9999999984354886
10820.300751879699	0.9999999981024521
10820.350877192983	0.999999997762226
10820.401002506265	0.9999999974145831
10820.45112781955	0.9999999970592917
10820.501253132832	0.9999999966960931
10820.551378446115	0.9999999963247242
10820.601503759399	0.9999999959449061
10820.651629072681	0.9999999955563338
10820.701754385966	0.9999999951586875
10820.751879699248	0.9999999947516177
10820.80200501253	0.9999999943347522
10820.852130325815	0.9999999939076817
10820.902255639097	0.9999999934699623
10820.952380952382	0.999999993021109
10821.002506265664	0.9999999925605793
10821.052631578947	0.9999999920877755
10821.10275689223	0.9999999916020269
10821.152882205513	0.9999999911025788
10821.203007518798	0.9999999905885744
10821.25313283208	0.9999999900590436
10821.303258145363	0.9999999895128655
10821.353383458647	0.9999999889487534
10821.40350877193	0.9999999883652129
10821.453634085214	0.9999999877605039
10821.503759398496	0.99999998713259
10821.553884711779	0.9999999864790791
10821.604010025063	0.99999998579716
10821.654135338345	0.9999999850834883
10821.70426065163	0.9999999843341211
10821.754385964912	0.9999999835443609
10821.804511278195	0.999999982708619
10821.854636591479	0.9999999818202472
10821.904761904761	0.9999999808712882
10821.954887218046	0.9999999798522472
10822.005012531328	0.9999999787517704
10822.05513784461	0.9999999775562115
10822.105263157895	0.9999999762492132
10822.155388471178	0.9999999748110492
10822.205513784462	0.9999999732178525
10822.255639097744	0.9999999714406447
10822.305764411027	0.999999969444003
10822.355889724311	0.9999999671843052
10822.406015037594	0.9999999646074132
10822.456140350878	0.9999999616455026
10822.50626566416	0.9999999582127286
10822.556390977443	0.9999999541993815
10822.606516290727	0.9999999494638148
10822.65664160401	0.9999999438215825
10822.706766917294	0.9999999370307036
10822.756892230576	0.9999999287719081
10822.807017543859	0.9999999186224641
10822.857142857143	0.999999906021783
10822.907268170426	0.9999998902268341
10822.95739348371	0.9999998702552227
10823.007518796992	0.9999998448134269
10823.057644110275	0.9999998122078975
10823.10776942356	0.9999997702367097
10823.157894736842	0.9999997160598798
10823.208020050126	0.9999996460470169
10823.258145363408	0.9999995556019271
10823.30827067669	0.9999994389648685
10823.358395989975	0.9999992889946585
10823.408521303258	0.9999990969345462
10823.458646616542	0.9999988521676613
10823.508771929824	0.9999985419704139
10823.558897243107	0.9999981512749402
10823.609022556391	0.9999976624553787
10823.659147869674	0.9999970551574109
10823.709273182958	0.9999963061954698
10823.75939849624	0.9999953895478205
10823.809523809523	0.9999942764832341
10823.859649122807	0.9999929358526547
10823.90977443609	0.9999913345696535
10823.959899749374	0.9999894382793886
10824.010025062656	0.9999872121716605
10824.060150375939	0.9999846218260681
10824.110275689223	0.9999816338866234
10824.160401002506	0.9999782162589267
10824.21052631579	0.9999743374208737
10824.260651629073	0.9999699643616009
10824.310776942355	0.9999650586361504
10824.36090225564	0.9999595700604889
10824.411027568922	0.9999534276696022
10824.461152882206	0.9999465277000409
10824.511278195489	0.9999387185133674
10824.561403508771	0.9999297825581923
10824.611528822055	0.9999194157657476
10824.661654135338	0.9999072053826262
10824.711779448622	0.9998926084192897
10824.761904761905	0.9998749347787227
10824.812030075187	0.999853341472731
10824.862155388471	0.9998268461834013
10824.912280701754	0.9997943681096849
10824.962406015038	0.9997547997963909
10825.01253132832	0.9997071051497585
10825.062656641605	0.9996504289456756
10825.112781954887	0.9995841978539176
10825.16290726817	0.9995081977828364
10825.213032581454	0.9994226258539932
10825.263157894737	0.9993281269266349
10825.313283208021	0.9992258213643479
10825.363408521303	0.9991173101924861
10825.413533834586	0.999004620010927
10825.46365914787	0.9988900446403283
10825.513784461153	0.9987758647342445
10825.563909774437	0.9986639702888068
10825.61403508772	0.9985554494413202
10825.664160401002	0.9984502209670804
10825.714285714286	0.9983467780828228
10825.764411027569	0.9982420922930605
10825.814536340853	0.998131708371856
10825.864661654135	0.9980100412143433
10825.914786967418	0.997870853781808
10825.964912280702	0.9977078566665089
10826.015037593985	0.997515343127724
10826.065162907269	0.9972887740033177
10826.115288220552	0.9970252410616868
10826.165413533834	0.9967237279892448
10826.215538847118	0.9963850516301851
10826.2656641604	0.9960113893433369
10826.315789473685	0.9956054936150335
10826.365914786968	0.9951699988908479
10826.41604010025	0.994707334668685
10826.466165413534	0.9942204325910117
10826.516290726817	0.9937138205242377
10826.566416040101	0.9931943036632028
10826.616541353384	0.9926705828838328
10826.666666666666	0.9921517727385929
10826.71679197995	0.991645404722821
10826.766917293233	0.9911556946512958
10826.817042606517	0.9906825972677727
10826.8671679198	0.9902218160800209
10826.917293233082	0.9897657268534614
10826.967418546366	0.9893050358462075
10827.017543859649	0.9888308174216384
10827.067669172933	0.9883364467335601
10827.117794486216	0.9878190002041525
10827.167919799498	0.9872799203799398
10827.218045112782	0.9867249750816306
10827.268170426065	0.9861636391217772
10827.31829573935	0.9856079907649966
10827.368421052632	0.9850711917988045
10827.418546365914	0.9845657185320105
10827.468671679198	0.9841016491306451
10827.518796992481	0.9836853319101915
10827.568922305765	0.9833186246697522
10827.619047619048	0.9829987038060735
10827.66917293233	0.9827183071719278
10827.719298245614	0.9824662544137852
10827.769423558897	0.9822281595905474
10827.819548872181	0.9819873247564587
10827.869674185464	0.981725809002102
10827.919799498746	0.9814256197198638
10827.96992481203	0.9810699322882613
10828.020050125313	0.9806442401755053
10828.070175438597	0.9801373642321679
10828.12030075188	0.9795422977088105
10828.170426065162	0.9788568984830928
10828.220551378447	0.9780844043716651
10828.270676691729	0.9772336443948312
10828.320802005013	0.9763187549517482
10828.370927318296	0.9753582831023372
10828.421052631578	0.9743737315753217
10828.471177944863	0.9733877406774686
10828.521303258145	0.9724221356987891
10828.57142857143	0.9714960346059855
10828.621553884712	0.9706241978544555
10828.671679197994	0.9698158464112993
10828.721804511279	0.9690742073797658
10828.771929824561	0.9683969613562514
10828.822055137845	0.9677775593789865
10828.872180451128	0.9672071640759059
10828.92230576441	0.9666768272153393
10828.972431077695	0.9661794458957411
10829.022556390977	0.9657110821106846
10829.072681704261	0.9652714372462693
10829.122807017544	0.9648635528552097
10829.172932330826	0.964492976940726
10829.22305764411	0.9641666301988108
10829.273182957393	0.9638915301536456
10829.323308270677	0.9636734942988227
10829.37343358396	0.9635159818027895
10829.423558897242	0.9634193126100745
10829.473684210527	0.9633805236099955
10829.52380952381	0.9633939834448213
10829.573934837093	0.9634526175669282
10829.624060150376	0.963549358852491
10829.674185463658	0.9636783790893533
10829.724310776943	0.9638357688558643
10829.774436090225	0.9640195179133123
10829.82456140351	0.9642288224422793
10829.874686716792	0.964462880243554
10829.924812030074	0.9647194300946538
10829.974937343359	0.964993355594115
10830.025062656641	0.9652757113130593
10830.075187969926	0.9655535118336168
10830.125313283208	0.9658104951886628
10830.17543859649	0.9660288198294887
10830.225563909775	0.9661913734289138
10830.275689223057	0.9662842040427683
10830.325814536342	0.9662985970580573
10830.375939849624	0.9662324676195195
10830.426065162907	0.9660909118783152
10830.47619047619	0.9658858793969902
10830.526315789473	0.9656349894192242
10830.576441102758	0.965359576043835
10830.62656641604	0.9650821595526244
10830.676691729323	0.9648236818432839
10830.726817042607	0.9646009537727357
10830.77694235589	0.9644248031451513
10830.827067669174	0.9642993579330361
10830.877192982456	0.9642227030952337
10830.927318295739	0.9641887972885168
10830.977443609023	0.9641901344500663
10831.027568922305	0.9642203728068186
10831.07769423559	0.9642761524608221
10831.127819548872	0.9643575771219477
10831.177944862155	0.9644672861559033
10831.228070175439	0.9646085933035692
10831.278195488721	0.9647835960580962
10831.328320802006	0.9649921638996708
10831.378446115288	0.9652321911107323
10831.42857142857	0.9655007559057353
10831.478696741855	0.9657954038959038
10831.528822055137	0.9661149612222778
10831.578947368422	0.9664598104778316
10831.629072681704	0.9668318833494599
10831.679197994987	0.9672345145834477
10831.729323308271	0.9676720657829008
10831.779448621553	0.9681492596713291
10831.829573934838	0.968670451717001
10831.87969924812	0.9692392363554543
10831.929824561403	0.9698585740179155
10831.979949874687	0.9705311687611053
10832.03007518797	0.971259531894248
10832.080200501254	0.9720453185519842
10832.130325814536	0.9728880235798593
10832.180451127819	0.9737836051984402
10832.230576441103	0.9747237336177735
10832.280701754386	0.975696049519105
10832.33082706767	0.9766852816773486
10832.380952380952	0.9776746849678604
10832.431077694235	0.9786472582401667
10832.481203007519	0.9795865206035229
10832.531328320802	0.9804769912873288
10832.581453634086	0.9813046900894762
10832.631578947368	0.9820578941228029
10832.68170426065	0.9827281625342789
10832.731829573935	0.9833114360437095
10832.781954887218	0.9838089251825161
10832.832080200502	0.9842275087855427
10832.882205513784	0.9845794314144106
10832.932330827067	0.9848812167901909
10832.982456140351	0.9851519096899152
10833.032581453634	0.9854109599317189
10833.082706766918	0.985676178070348
10833.1328320802	0.9859621803061485
10833.182957393483	0.9862795988387247
10833.233082706767	0.9866350813439414
10833.28320802005	0.9870318181090119
10833.333333333334	0.9874701725997479
10833.383458646616	0.9879480758668338
10833.433583959899	0.9884611381947083
10833.483709273183	0.9890027351340445
10833.533834586466	0.9895644258430167
10833.58395989975	0.9901368827920293
10833.634085213032	0.9907111834328532
10833.684210526315	0.991280077204295
10833.7343358396	0.9918388296386507
10833.784461152882	0.992385397737173
10833.834586466166	0.9929198899957594
10833.884711779448	0.993443474416853
10833.934837092731	0.9939571009049133
10833.984962406015	0.9944604989899488
10834.035087719298	0.9949517921820218
10834.085213032582	0.9954277739673041
10834.135338345865	0.9958845931909674
10834.185463659147	0.9963184812644347
10834.235588972431	0.9967262703664468
10834.285714285714	0.9971056618064466
10834.335839598998	0.9974553129954992
10834.38596491228	0.9977747844657129
10834.436090225563	0.9980643540394962
10834.486215538847	0.9983247532754528
10834.53634085213	0.9985569495418044
10834.586466165414	0.9987620791598193
10834.636591478697	0.9989415277482314
10834.686716791979	0.9990970494110439
10834.736842105263	0.9992308023335612
10834.786967418546	0.9993452502867116
10834.83709273183	0.9994429674153735
10834.887218045113	0.9995264266512885
10834.937343358395	0.9995978402072074
10834.98746867168	0.9996590812271456
10835.037593984962	0.9997116794386761
10835.087719298246	0.9997568650133166
10835.137844611529	0.9997956327413524
10835.187969924813	0.9998288056319776
10835.238095238095	0.9998570863740632
10835.288220551378	0.99988109294234
10835.338345864662	0.9999013797245858
10835.388471177945	0.999918447981299
10835.438596491229	0.9999327499100957
10835.488721804511	0.9999446898803981
10835.538847117794	0.9999546252331387
10835.588972431078	0.999962867888829
10835.63909774436	0.9999696871277103
10835.689223057645	0.999975313365285
10835.739348370927	0.9999799425055107
10835.78947368421	0.9999837404253975
10835.839598997494	0.9999868472370197
10835.889724310777	0.9999893811097182
10835.939849624061	0.999991441565807
10835.989974937344	0.9999931122594766
10836.040100250626	0.9999944633043724
10836.09022556391	0.999995553235191
10836.140350877193	0.9999964306843419
10836.190476190477	0.9999971358378787
10836.24060150376	0.9999977017147896
10836.290726817042	0.999998155296458
10836.340852130326	0.9999985185212712
10836.390977443609	0.9999988091526868
10836.441102756893	0.9999990415272643
10836.491228070176	0.9999992271897282
10836.541353383458	0.9999993754240155
10836.591478696742	0.9999994936911522
10836.641604010025	0.999999587986028
10836.69172932331	0.999999663125323
10836.741854636592	0.9999997229786272
10836.791979949874	0.9999997706533053
10836.842105263158	0.9999998086423955
10836.89223057644	0.9999998389432208
10836.942355889725	0.9999998631528738
10836.992481203008	0.99999988254534
10837.04260651629	0.999999898134076
10837.092731829574	0.9999999107228873
10837.142857142857	0.999999920947353
10837.192982456141	0.999999929308521
10837.243107769424	0.999999936200286
10837.293233082706	0.9999999419315416
10837.34335839599	0.9999999467440354
10837.393483709273	0.9999999508266991
10837.443609022557	0.99999995432709
10837.49373433584	0.9999999573604342
10837.543859649122	0.9999999600168149
10837.593984962406	0.9999999623667671
10837.644110275689	0.9999999644656773
10837.694235588973	0.9999999663571995
10837.744360902256	0.9999999680758958
10837.794486215538	0.9999999696492675
10837.844611528822	0.9999999710993461
10837.894736842105	0.9999999724438912
10837.94486215539	0.99999997369732
10837.994987468672	0.999999974871438
10838.045112781954	0.9999999759759576
10838.095238095239	0.999999977018955
10838.145363408521	0.9999999780072009
10838.195488721805	0.9999999789463783
10838.245614035088	0.9999999798413288
10838.29573934837	0.9999999806961899
10838.345864661655	0.9999999815145121
10838.395989974937	0.999999982299373
10838.446115288221	0.9999999830534592
10838.496240601504	0.9999999837791091
10838.546365914786	0.9999999844783984
10838.59649122807	0.9999999851531447
10838.646616541353	0.9999999858049832
10838.696741854637	0.9999999864353609
10838.74686716792	0.9999999870455857
10838.796992481202	0.9999999876368278
10838.847117794487	0.9999999882101566
10838.89724310777	0.9999999887665343
10838.947368421053	0.9999999893068444
10838.997493734336	0.9999999898318929
10839.047619047618	0.9999999903424236
10839.097744360903	0.9999999908391178
10839.147869674185	0.9999999913226056
10839.19799498747	0.9999999917934829
10839.248120300752	0.999999992252283
10839.298245614034	0.99999999269952
10839.348370927319	0.9999999931356648
10839.398496240601	0.9999999935611622
10839.448621553885	0.9999999939764347
10839.498746867168	0.9999999943818635
10839.54887218045	0.9999999947778254
10839.598997493735	0.9999999951646696
10839.649122807017	0.9999999955427215
10839.699248120301	0.9999999959123013
10839.749373433584	0.9999999962736975
10839.799498746866	0.9999999966271917
10839.84962406015	0.9999999969730547
10839.899749373433	0.9999999973115398
10839.949874686718	0.999999997642886
10840.0	0.9999999979673323
