10820.0	1.0
10820.050125313282	0.9999999997309761
10820.100250626567	0.9999999994559635
10820.15037593985	0.9999999991747104
10820.200501253134	0.9999999988869397
10820.250626566416	0.9999999985923529
10820.300751879699	0.999999998290628
10820.350877192983	0.9999999979814067
10820.401002506265	0.9999999976643075
10820.45112781955	0.9999999973389051
10820.501253132832	0.9999999970047354
10820.551378446115	0.9999999966612922
10820.601503759399	0.9999999963080131
10820.651629072681	0.9999999959442806
10820.701754385966	0.9999999955694101
10820.751879699248	0.999999995182646
10820.80200501253	0.9999999947831478
10820.852130325815	0.9999999943699829
10820.902255639097	0.9999999939421125
10820.952380952382	0.999999993498376
10821.002506265664	0.9999999930374716
10821.052631578947	0.9999999925579437
10821.10275689223	0.9999999920581446
10821.152882205513	0.9999999915362104
10821.203007518798	0.9999999909900205
10821.25313283208	0.9999999904171466
10821.303258145363	0.9999999898147897
10821.353383458647	0.9999999891796958
10821.40350877193	0.9999999885080506
10821.453634085214	0.9999999877953347
10821.503759398496	0.9999999870361392
10821.553884711779	0.9999999862239132
10821.604010025063	0.9999999853506217
10821.654135338345	0.9999999844062912
10821.70426065163	0.9999999833783749
10821.754385964912	0.9999999822508895
10821.804511278195	0.9999999810032193
10821.854636591479	0.9999999796084382
10821.904761904761	0.9999999780309854
10821.954887218046	0.999999976223362
10822.005012531328	0.9999999741214725
10822.05513784461	0.9999999716380387
10822.105263157895	0.999999968653215
10822.155388471178	0.9999999650013192
10822.205513784462	0.9999999604520289
10822.255639097744	0.9999999546839498
10822.305764411027	0.9999999472477162
10822.355889724311	0.9999999375150004
10822.406015037594	0.9999999246089767
10822.456140350878	0.9999999073109079
10822.50626566416	0.9999998839368928
10822.556390977443	0.9999998521785486
10822.606516290727	0.9999998089017248
10822.65664160401	0.9999997498987484
10822.706766917294	0.9999996695922446
10822.756892230576	0.9999995606926242
10822.807017543859	0.9999994138168863
10822.857142857143	0.9999992170830151
10822.907268170426	0.9999989557012764
10822.95739348371	0.9999986115896378
10823.007518796992	0.9999981630431404
10823.057644110275	0.9999975844836821
10823.10776942356	0.9999968463042417
10823.157894736842	0.9999959147978019
10823.208020050126	0.9999947521257837
10823.258145363408	0.9999933162374811
10823.30827067669	0.9999915606100018
10823.358395989975	0.9999894336541553
10823.408521303258	0.9999868776466351
10823.458646616542	0.9999838271245873
10823.508771929824	0.9999802068270807
10823.558897243107	0.9999759294797257
10823.609022556391	0.9999708939523575
10823.659147869674	0.9999649845002189
10823.709273182958	0.999958071832817
10823.75939849624	0.99995001656077
10823.809523809523	0.9999406751276675
10823.859649122807	0.9999299077138233
10823.90977443609	0.9999175869732633
10823.959899749374	0.9999036060531638
10824.010025062656	0.9998878843119214
10824.060150375939	0.9998703695042772
10824.110275689223	0.9998510357501302
10824.160401002506	0.999829877059219
10824.21052631579	0.9998068963773468
10824.260651629073	0.9997820902014662
10824.310776942355	0.9997554292269266
10824.36090225564	0.9997268366106882
10824.411027568922	0.9996961670058434
10824.461152882206	0.9996631904344834
10824.511278195489	0.9996275839111525
10824.561403508771	0.9995889300923894
10824.611528822055	0.9995467177781048
10824.661654135338	0.99950033722239
10824.711779448622	0.9994490668209972
10824.761904761905	0.9993920564400037
10824.812030075187	0.999328321824819
10824.862155388471	0.999256767723233
10824.912280701754	0.999176250681017
10824.962406015038	0.9990856777147183
10825.01253132832	0.9989841209317151
10825.062656641605	0.9988709182591055
10825.112781954887	0.9987457313755509
10825.16290726817	0.9986085442495861
10825.213032581454	0.9984596068580481
10825.263157894737	0.9982993532228639
10825.313283208021	0.9981283408719359
10825.363408521303	0.997947256549219
10825.413533834586	0.997757001065836
10825.46365914787	0.997558811497271
10825.513784461153	0.997354329286245
10825.563909774437	0.9971455141160733
10825.61403508772	0.9969343542926867
10825.664160401002	0.9967224179746884
10825.714285714286	0.9965103806667271
10825.764411027569	0.9962977079360616
10825.814536340853	0.9960826494298906
10825.864661654135	0.995862620218917
10825.914786967418	0.9956349291779354
10825.964912280702	0.9953976843822443
10826.015037593985	0.9951505969210601
10826.065162907269	0.9948953706746042
10826.115288220552	0.9946354534623943
10826.165413533834	0.9943751292973153
10826.215538847118	0.994118178438081
10826.2656641604	0.9938665120272602
10826.315789473685	0.9936192127538575
10826.365914786968	0.9933722654645519
10826.41604010025	0.9931190131924287
10826.466165413534	0.9928511409523875
10826.516290726817	0.9925598666647952
10826.566416040101	0.992237051535098
10826.616541353384	0.9918761192628444
10826.666666666666	0.9914728811168146
10826.71679197995	0.9910263854168203
10826.766917293233	0.9905396098045999
10826.817042606517	0.9900194124288089
10826.8671679198	0.9894751902898796
10826.917293233082	0.9889164678897833
10826.967418546366	0.9883506992930149
10827.017543859649	0.9877828991566782
10827.067669172933	0.9872176615624455
10827.117794486216	0.9866621545361443
10827.167919799498	0.9861273958270586
10827.218045112782	0.9856261070859706
10827.268170426065	0.9851683636918025
10827.31829573935	0.9847583896064144
10827.368421052632	0.9843949194598416
10827.418546365914	0.9840745812939171
10827.468671679198	0.9837955881759738
10827.518796992481	0.9835589664248621
10827.568922305765	0.9833659187139436
10827.619047619048	0.9832118669681523
10827.66917293233	0.9830798799838233
10827.719298245614	0.982937775259531
10827.769423558897	0.9827425078927988
10827.819548872181	0.9824516312291054
10827.869674185464	0.9820367931531166
10827.919799498746	0.981492343693622
10827.96992481203	0.9808347219367315
10828.020050125313	0.9800934669596651
10828.070175438597	0.9792994942331551
10828.12030075188	0.9784777880088228
10828.170426065162	0.9776481238424144
10828.220551378447	0.9768311141046145
10828.270676691729	0.9760531120529952
10828.320802005013	0.9753450805472871
10828.370927318296	0.9747352246442595
10828.421052631578	0.9742391285798891
10828.471177944863	0.9738523177108035
10828.521303258145	0.9735489748549375
10828.57142857143	0.9732881071649286
10828.621553884712	0.9730252252013591
10828.671679197994	0.9727244036168305
10828.721804511279	0.9723651133338895
10828.771929824561	0.971942111571024
10828.822055137845	0.9714618429969719
10828.872180451128	0.9709401168947666
10828.92230576441	0.9704023083847345
10828.972431077695	0.9698830815331543
10829.022556390977	0.9694220877448605
10829.072681704261	0.9690555965797467
10829.122807017544	0.9688078630451535
10829.172932330826	0.968686586114503
10829.22305764411	0.9686840481677587
10829.273182957393	0.9687822402205828
10829.323308270677	0.9689588181764056
10829.37343358396	0.9691913954716105
10829.423558897242	0.9694594163410597
10829.473684210527	0.9697444397637928
10829.52380952381	0.9700302629593462
10829.573934837093	0.970303718254534
10829.624060150376	0.9705557201166314
10829.674185463658	0.9707813116728805
10829.724310776943	0.9709779310577779
10829.774436090225	0.9711426052375229
10829.82456140351	0.9712699663083411
10829.874686716792	0.9713527894494969
10829.924812030074	0.9713852527638426
10829.974937343359	0.9713672592269558
10830.025062656641	0.9713070254556117
10830.075187969926	0.9712196236582943
10830.125313283208	0.9711214869005507
10830.17543859649	0.9710237594239526
10830.225563909775	0.9709284047523895
10830.275689223057	0.9708291638016061
10830.325814536342	0.9707165315910938
10830.375939849624	0.9705842483267619
10830.426065162907	0.9704348063878011
10830.47619047619	0.9702821405818935
10830.526315789473	0.9701503376907851
10830.576441102758	0.9700681008264622
10830.62656641604	0.9700603320037433
10830.676691729323	0.9701403537033282
10830.726817042607	0.9703072195964447
10830.77694235589	0.9705500269830418
10830.827067669174	0.9708560242039529
10830.877192982456	0.9712164316161791
10830.927318295739	0.9716263983834943
10830.977443609023	0.972080562430787
10831.027568922305	0.9725684222592197
10831.07769423559	0.9730728241930998
10831.127819548872	0.9735722601235144
10831.177944862155	0.9740454942445973
10831.228070175439	0.9744762220571399
10831.278195488721	0.9748559641116238
10831.328320802006	0.9751846039828683
10831.378446115288	0.9754691095995072
10831.42857142857	0.9757214862286008
10831.478696741855	0.9759568188766146
10831.528822055137	0.9761916840131203
10831.578947368422	0.9764427148352711
10831.629072681704	0.9767250256312479
10831.679197994987	0.9770505189260331
10831.729323308271	0.9774264805790177
10831.779448621553	0.9778549675638292
10831.829573934838	0.9783332290866158
10831.87969924812	0.9788549647455728
10831.929824561403	0.9794118824704816
10831.979949874687	0.979994942422374
10832.03007518797	0.98059487808592
10832.080200501254	0.9812019774638293
10832.130325814536	0.9818055305751549
10832.180451127819	0.9823936207695481
10832.230576441103	0.9829538835275818
10832.280701754386	0.9834754100532688
10832.33082706767	0.983951290669776
10832.380952380952	0.9843807529387099
10832.431077694235	0.9847698356484541
10832.481203007519	0.9851301394529989
10832.531328320802	0.9854760770664023
10832.581453634086	0.9858216736887092
10832.631578947368	0.9861779955019828
10832.68170426065	0.9865517907586373
10832.731829573935	0.9869452982163002
10832.781954887218	0.9873567750380751
10832.832080200502	0.9877812417558062
10832.882205513784	0.9882111239732684
10832.932330827067	0.9886367041367173
10832.982456140351	0.9890464791173383
10833.032581453634	0.9894276546287913
10833.082706766918	0.9897670871386086
10833.1328320802	0.9900528955573253
10833.182957393483	0.9902766069583229
10833.233082706767	0.9904351998644076
10833.28320802005	0.9905321416585913
10833.333333333334	0.9905768188917004
10833.383458646616	0.9905825622540967
10833.433583959899	0.990564242094829
10833.483709273183	0.9905365552084623
10833.533834586466	0.9905135016253946
10833.58395989975	0.9905086536738399
10833.634085213032	0.9905353689802595
10833.684210526315	0.9906064000959157
10833.7343358396	0.9907330214189535
10833.784461152882	0.9909241720097299
10833.834586466166	0.9911859494717256
10833.884711779448	0.9915213893911741
10833.934837092731	0.9919302408663409
10833.984962406015	0.9924085482903834
10834.035087719298	0.9929481554991597
10834.085213032582	0.9935365213253738
10834.135338345865	0.9941572601627947
10834.185463659147	0.9947915559626942
10834.235588972431	0.9954201997448657
10834.285714285714	0.996025693255881
10834.335839598998	0.9965938204003042
10834.38596491228	0.9971143676159333
10834.436090225563	0.9975811087017127
10834.486215538847	0.9979914267098025
10834.53634085213	0.9983458470105104
10834.586466165414	0.9986474874964014
10834.636591478697	0.9989013147910135
10834.686716791979	0.9991132199074723
10834.736842105263	0.9992891144680399
10834.786967418546	0.9994342983345805
10834.83709273183	0.9995532259141465
10834.887218045113	0.999649610869418
10834.937343358395	0.999726686389621
10834.98746867168	0.9997874355386555
10835.037593984962	0.9998346916952611
10835.087719298246	0.999871110484318
10835.137844611529	0.9998990756916841
10835.187969924813	0.9999206090350115
10835.238095238095	0.9999373268263089
10835.288220551378	0.999950452825842
10835.338345864662	0.9999608734171753
10835.388471177945	0.9999692128489516
10835.438596491229	0.9999759087652957
10835.488721804511	0.9999812755758002
10835.538847117794	0.9999855507844616
10835.588972431078	0.9999889248776437
10835.63909774436	0.9999915582570598
10835.689223057645	0.9999935894887111
10835.739348370927	0.999995138641136
10835.78947368421	0.9999963084473418
10835.839598997494	0.9999971849468215
10835.889724310777	0.9999978384027152
10835.939849624061	0.999998324718668
10835.989974937344	0.9999986872701655
10836.040100250626	0.9999989589445007
10836.09022556391	0.9999991641779536
10836.140350877193	0.9999993208284985
10836.190476190477	0.9999994417880973
10836.24060150376	0.9999995362979486
10836.290726817042	0.9999996109737168
10836.340852130326	0.9999996705741132
10836.390977443609	0.9999997185582267
10836.441102756893	0.999999757478524
10836.491228070176	0.9999997892519851
10836.541353383458	0.9999998153444015
10836.591478696742	0.9999998368948575
10836.641604010025	0.9999998548001459
10836.69172932331	0.9999998697728882
10836.741854636592	0.999999882382579
10836.791979949874	0.9999998930855305
10836.842105263158	0.9999999022474831
10836.89223057644	0.9999999101612292
10836.942355889725	0.99999991706065
10836.992481203008	0.9999999231321087
10837.04260651629	0.9999999285237444
10837.092731829574	0.9999999333530846
10837.142857142857	0.9999999377132703
10837.192982456141	0.9999999416781132
10837.243107769424	0.999999945306187
10837.293233082706	0.9999999486441246
10837.34335839599	0.999999951729224
10837.393483709273	0.9999999545915367
10837.443609022557	0.999999957255486
10837.49373433584	0.999999959741143
10837.543859649122	0.9999999620652104
10837.593984962406	0.9999999642417782
10837.644110275689	0.9999999662829087
10837.694235588973	0.9999999681990724
10837.744360902256	0.9999999699994905
10837.794486215538	0.9999999716923857
10837.844611528822	0.9999999732851723
10837.894736842105	0.9999999747846062
10837.94486215539	0.9999999761968913
10837.994987468672	0.9999999775277574
10838.045112781954	0.9999999787825355
10838.095238095239	0.9999999799661918
10838.145363408521	0.9999999810833788
10838.195488721805	0.9999999821384545
10838.245614035088	0.9999999831355093
10838.29573934837	0.9999999840783873
10838.345864661655	0.9999999849706989
10838.395989974937	0.9999999858158364
10838.446115288221	0.9999999866169847
10838.496240601504	0.9999999873771329
10838.546365914786	0.9999999880990823
10838.59649122807	0.9999999887854573
10838.646616541353	0.9999999894387115
10838.696741854637	0.9999999900611415
10838.74686716792	0.9999999906548843
10838.796992481202	0.9999999912219382
10838.847117794487	0.9999999917641578
10838.89724310777	0.9999999922832686
10838.947368421053	0.9999999927808741
10838.997493734336	0.9999999932584597
10839.047619047618	0.9999999937174011
10839.097744360903	0.9999999941589701
10839.147869674185	0.9999999945843421
10839.19799498747	0.9999999949946035
10839.248120300752	0.9999999953907532
10839.298245614034	0.9999999957737132
10839.348370927319	0.9999999961443317
10839.398496240601	0.9999999965033892
10839.448621553885	0.999999996851603
10839.498746867168	0.9999999971896305
10839.54887218045	0.9999999975180792
10839.598997493735	0.9999999978375059
10839.649122807017	0.9999999981484172
10839.699248120301	0.999999998451284
10839.749373433584	0.9999999987465384
10839.799498746866	0.999999999034572
10839.84962406015	0.9999999993157509
10839.899749373433	0.9999999995904095
10839.949874686718	0.9999999998588543
10840.0	1.0000000001213716
