10820.0	1.0
10820.050125313282	0.9999999991689162
10820.100250626567	0.9999999982745716
10820.15037593985	0.9999999973123785
10820.200501253134	0.9999999962775376
10820.250626566416	0.9999999951650239
10820.300751879699	0.999999993969594
10820.350877192983	0.9999999926857951
10820.401002506265	0.9999999913079647
10820.45112781955	0.9999999898302381
10820.501253132832	0.9999999882465699
10820.551378446115	0.999999986550731
10820.601503759399	0.9999999847363368
10820.651629072681	0.9999999827968632
10820.701754385966	0.9999999807256618
10820.751879699248	0.9999999785159923
10820.80200501253	0.9999999761610471
10820.852130325815	0.9999999736539925
10820.902255639097	0.9999999709879918
10820.952380952382	0.9999999681562581
10821.002506265664	0.9999999651520912
10821.052631578947	0.9999999619689319
10821.10275689223	0.9999999586004088
10821.152882205513	0.9999999550404042
10821.203007518798	0.9999999512831026
10821.25313283208	0.9999999473230585
10821.303258145363	0.9999999431552599
10821.353383458647	0.9999999387751859
10821.40350877193	0.9999999341788769
10821.453634085214	0.9999999293629915
10821.503759398496	0.9999999243248625
10821.553884711779	0.9999999190625458
10821.604010025063	0.9999999135748754
10821.654135338345	0.9999999078614685
10821.70426065163	0.9999999019227621
10821.754385964912	0.9999998957600035
10821.804511278195	0.9999998893752168
10821.854636591479	0.9999998827711498
10821.904761904761	0.9999998759511793
10821.954887218046	0.9999998689191659
10822.005012531328	0.9999998616792595
10822.05513784461	0.9999998542356152
10822.105263157895	0.9999998465920299
10822.155388471178	0.9999998387514313
10822.205513784462	0.9999998307152245
10822.255639097744	0.9999998224823856
10822.305764411027	0.9999998140482808
10822.355889724311	0.999999805403045
10822.406015037594	0.9999997965294108
10822.456140350878	0.9999997873997262
10822.50626566416	0.9999997779718789
10822.556390977443	0.9999997681837325
10822.606516290727	0.9999997579454215
10822.65664160401	0.9999997471288794
10822.706766917294	0.999999735553525
10822.756892230576	0.9999997229670026
10822.807017543859	0.9999997090194926
10822.857142857143	0.9999996932300291
10822.907268170426	0.9999996749430347
10822.95739348371	0.9999996532733566
10823.007518796992	0.999999627038115
10823.057644110275	0.9999995946738663
10823.10776942356	0.999999554137805
10823.157894736842	0.9999995027916143
10823.208020050126	0.999999437265977
10823.258145363408	0.999999353302269
10823.30827067669	0.9999992455647356
10823.358395989975	0.9999991074114368
10823.408521303258	0.9999989306043454
10823.458646616542	0.9999987049281218
10823.508771929824	0.9999984176729871
10823.558897243107	0.9999980529197956
10823.609022556391	0.9999975905461028
10823.659147869674	0.9999970048532172
10823.709273182958	0.999996262701084
10823.75939849624	0.9999953210405944
10823.809523809523	0.9999941237671467
10823.859649122807	0.9999925979081786
10823.90977443609	0.9999906493271017
10823.959899749374	0.9999881583981385
10824.010025062656	0.9999849764809418
10824.060150375939	0.9999809244574956
10824.110275689223	0.9999757949788561
10824.160401002506	0.9999693602287573
10824.21052631579	0.9999613867243854
10824.260651629073	0.9999516577505099
10824.310776942355	0.9999400024111517
10824.36090225564	0.9999263281864966
10824.411027568922	0.9999106518067838
10824.461152882206	0.9998931219133637
10824.511278195489	0.9998740270472982
10824.561403508771	0.9998537843068949
10824.611528822055	0.999832907287449
10824.661654135338	0.9998119558505127
10824.711779448622	0.9997914738058363
10824.761904761905	0.9997719228088711
10824.812030075187	0.9997536211753806
10824.862155388471	0.9997366948454944
10824.912280701754	0.999721044712354
10824.962406015038	0.9997063305818782
10825.01253132832	0.9996919680585422
10825.062656641605	0.9996771318095495
10825.112781954887	0.9996607581042389
10825.16290726817	0.9996415419967971
10825.213032581454	0.9996179299147994
10825.263157894737	0.9995881155824962
10825.313283208021	0.9995500540547745
10825.363408521303	0.9995015125031284
10825.413533834586	0.999440174643066
10825.46365914787	0.9993638066370378
10825.513784461153	0.9992704764744829
10825.563909774437	0.9991588000465805
10825.61403508772	0.9990281722299185
10825.664160401002	0.9988789373742671
10825.714285714286	0.9987124636142605
10825.764411027569	0.9985311053580022
10825.814536340853	0.9983380592764171
10825.864661654135	0.9981371339502856
10825.914786967418	0.9979324617513697
10825.964912280702	0.997728188547226
10826.015037593985	0.99752818539215
10826.065162907269	0.997335831594599
10826.115288220552	0.9971539093007563
10826.165413533834	0.9969846174721402
10826.215538847118	0.9968296624915379
10826.2656641604	0.9966903358115677
10826.315789473685	0.9965674769033885
10826.365914786968	0.9964612603135304
10826.41604010025	0.9963708259652965
10826.466165413534	0.996293852421362
10826.516290726817	0.9962262133660096
10826.566416040101	0.996161841017387
10826.616541353384	0.9960928578820496
10826.666666666666	0.9960099611325148
10826.71679197995	0.9959029883353966
10826.766917293233	0.9957615819257124
10826.817042606517	0.9955758940276902
10826.8671679198	0.9953372964460492
10826.917293233082	0.9950390490277942
10826.967418546366	0.994676835883815
10827.017543859649	0.9942490488959632
10827.067669172933	0.9937567370422825
10827.117794486216	0.9932032585949675
10827.167919799498	0.9925938085507002
10827.218045112782	0.9919350528534546
10827.268170426065	0.9912350382330625
10827.31829573935	0.990503388436105
10827.368421052632	0.9897516100100615
10827.418546365914	0.9889932003360457
10827.468671679198	0.9882432784321367
10827.518796992481	0.9875176797381156
10827.568922305765	0.9868317319562729
10827.619047619048	0.9861990255581227
10827.66917293233	0.9856303380154062
10827.719298245614	0.985132668884919
10827.769423558897	0.9847083497372976
10827.819548872181	0.9843544186744527
10827.869674185464	0.9840626271208869
10827.919799498746	0.9838203158448896
10827.96992481203	0.9836120245027502
10828.020050125313	0.9834214340173358
10828.070175438597	0.9832332729924192
10828.12030075188	0.9830349404977805
10828.170426065162	0.9828175731327525
10828.220551378447	0.9825762617942472
10828.270676691729	0.9823094095779467
10828.320802005013	0.9820177247529491
10828.370927318296	0.9817035236940429
10828.421052631578	0.9813705536640225
10828.471177944863	0.9810238546992982
10828.521303258145	0.9806690344293763
10828.57142857143	0.98031096450064
10828.621553884712	0.9799527195530982
10828.671679197994	0.9795957070113471
10828.721804511279	0.9792411040688054
10828.771929824561	0.9788916100669328
10828.822055137845	0.9785522129626557
10828.872180451128	0.9782294826797638
10828.92230576441	0.9779300119444696
10828.972431077695	0.9776590010246506
10829.022556390977	0.9774194879098669
10829.072681704261	0.9772120353960027
10829.122807017544	0.9770344586908994
10829.172932330826	0.9768814918570774
10829.22305764411	0.9767447282285162
10829.273182957393	0.9766132820375785
10829.323308270677	0.9764753262875009
10829.37343358396	0.9763202090428178
10829.423558897242	0.9761405002456875
10829.473684210527	0.9759332245439291
10829.52380952381	0.9756997883778666
10829.573934837093	0.9754446977948281
10829.624060150376	0.9751737978898952
10829.674185463658	0.9748929760774991
10829.724310776943	0.9746078484141882
10829.774436090225	0.9743242146634628
10829.82456140351	0.9740485881302511
10829.874686716792	0.973788158864159
10829.924812030074	0.9735499843655254
10829.974937343359	0.9733397150666951
10830.025062656641	0.9731605065825433
10830.075187969926	0.9730127548673632
10830.125313283208	0.9728948325064751
10830.17543859649	0.9728043232700766
10830.225563909775	0.9727388525343847
10830.275689223057	0.9726959056887561
10830.325814536342	0.9726718963355406
10830.375939849624	0.9726614991647816
10830.426065162907	0.9726581987462373
10830.47619047619	0.9726561350523778
10830.526315789473	0.9726523716830802
10830.576441102758	0.9726483523378291
10830.62656641604	0.9726496664274774
10830.676691729323	0.9726640674908066
10830.726817042607	0.9726986121280207
10830.77694235589	0.9727573055509386
10830.827067669174	0.9728403186449849
10830.877192982456	0.9729448512536584
10830.927318295739	0.9730668343097811
10830.977443609023	0.973202488706448
10831.027568922305	0.9733491704723234
10831.07769423559	0.9735054497908193
10831.127819548872	0.9736707348822007
10831.177944862155	0.9738449296694315
10831.228070175439	0.9740284984500972
10831.278195488721	0.9742228229606654
10831.328320802006	0.9744302535999874
10831.378446115288	0.9746534135014122
10831.42857142857	0.97489411684506
10831.478696741855	0.9751528374122974
10831.528822055137	0.9754292819994845
10831.578947368422	0.9757236638228312
10831.629072681704	0.9760377535605941
10831.679197994987	0.9763751224390247
10831.729323308271	0.9767406230038685
10831.779448621553	0.9771394220206707
10831.829573934838	0.9775758329732668
10831.87969924812	0.9780521768808326
10831.929824561403	0.978567949752756
10831.979949874687	0.9791194288728592
10832.03007518797	0.9796995868590874
10832.080200501254	0.9802982013025077
10832.130325814536	0.9809023692332305
10832.180451127819	0.981497740174404
10832.230576441103	0.9820703559952669
10832.280701754386	0.9826084429319152
10832.33082706767	0.9831034665248577
10832.380952380952	0.9835502734857151
10832.431077694235	0.9839466649146407
10832.481203007519	0.9842928648418413
10832.531328320802	0.9845911956054566
10832.581453634086	0.9848461099799086
10832.631578947368	0.9850645044167538
10832.68170426065	0.9852558914559406
10832.731829573935	0.9854318995895016
10832.781954887218	0.9856049977523124
10832.832080200502	0.98578694775165
10832.882205513784	0.9859876572235969
10832.932330827067	0.9862147454998483
10832.982456140351	0.98647364000219
10833.032581453634	0.9867677522039211
10833.082706766918	0.9870983706002298
10833.1328320802	0.987464280784465
10833.182957393483	0.9878614771864584
10833.233082706767	0.9882833421615753
10833.28320802005	0.9887213916960025
10833.333333333334	0.9891664795034126
10833.383458646616	0.9896103082858168
10833.433583959899	0.9900469550111076
10833.483709273183	0.9904738282875937
10833.533834586466	0.9908914652560733
10833.58395989975	0.9913021489636
10833.634085213032	0.9917080815365329
10833.684210526315	0.9921100630129547
10833.7343358396	0.9925071609331312
10833.784461152882	0.9928972471746965
10833.834586466166	0.9932779751768039
10833.884711779448	0.9936477419290382
10833.934837092731	0.9940062814288008
10833.984962406015	0.9943547639866612
10834.035087719298	0.9946955265335307
10834.085213032582	0.9950316017333525
10834.135338345865	0.9953660657519736
10834.185463659147	0.9957011949552305
10834.235588972431	0.9960376226978374
10834.285714285714	0.9963738370465547
10834.335839598998	0.9967062267942424
10834.38596491228	0.9970296261733519
10834.436090225563	0.9973381907578455
10834.486215538847	0.9976264372820078
10834.53634085213	0.9978902296961455
10834.586466165414	0.9981274198057952
10834.636591478697	0.9983379291324069
10834.686716791979	0.9985233064519488
10834.736842105263	0.9986860219952269
10834.786967418546	0.9988288034655838
10834.83709273183	0.9989542006707698
10834.887218045113	0.9990644078048025
10834.937343358395	0.9991612692551404
10834.98746867168	0.9992463672043413
10835.037593984962	0.9993211127285485
10835.087719298246	0.9993868028164227
10835.137844611529	0.9994446398045025
10835.187969924813	0.9994957274498942
10835.238095238095	0.99954106060076
10835.288220551378	0.9995815197006275
10835.338345864662	0.9996178737108772
10835.388471177945	0.9996507894262636
10835.438596491229	0.999680842805004
10835.488721804511	0.9997085282951974
10835.538847117794	0.9997342640049722
10835.588972431078	0.9997583927646855
10835.63909774436	0.9997811808460233
10835.689223057645	0.9998028169301848
10835.739348370927	0.9998234138150243
10835.78947368421	0.9998430145367064
10835.839598997494	0.9998616034039568
10835.889724310777	0.999879121260774
10835.939849624061	0.9998954833845095
10835.989974937344	0.9999105979436028
10836.040100250626	0.9999243829106771
10836.09022556391	0.9999367796809564
10836.140350877193	0.9999477622549579
10836.190476190477	0.9999573415579294
10836.24060150376	0.9999655651486771
10836.290726817042	0.9999725131105709
10836.340852130326	0.9999782912547694
10836.390977443609	0.9999830228842475
10836.441102756893	0.999986840290451
10836.491228070176	0.9999898769348396
10836.541353383458	0.9999922609698104
10836.591478696742	0.9999941104403628
10836.641604010025	0.9999955302293493
10836.69172932331	0.999996610596603
10836.741854636592	0.9999974270276967
10836.791979949874	0.9999980410480667
10836.842105263158	0.9999985016584998
10836.89223057644	0.9999988470896684
10836.942355889725	0.9999991066374604
10836.992481203008	0.9999993024113122
10837.04260651629	0.9999994508932203
10837.092731829574	0.9999995642587737
10837.142857142857	0.9999996514511786
10837.192982456141	0.9999997190248028
10837.243107769424	0.9999997717887805
10837.293233082706	0.9999998132864295
10837.34335839599	0.9999998461456012
10837.393483709273	0.9999998723311201
10837.443609022557	0.9999998933250946
10837.49373433584	0.999999910255288
10837.543859649122	0.9999999239867274
10837.593984962406	0.9999999351875679
10837.644110275689	0.9999999443769294
10837.694235588973	0.9999999519601438
10837.744360902256	0.9999999582550412
10837.794486215538	0.9999999635118096
10837.844611528822	0.9999999679281442
10837.894736842105	0.9999999716608742
10837.94486215539	0.9999999748349259
10837.994987468672	0.999999977550284
10838.045112781954	0.9999999798873408
10838.095238095239	0.9999999819110701
10838.145363408521	0.9999999836742494
10838.195488721805	0.9999999852199625
10838.245614035088	0.9999999865835417
10838.29573934837	0.9999999877940948
10838.345864661655	0.9999999888756823
10838.395989974937	0.9999999898482634
10838.446115288221	0.9999999907284425
10838.496240601504	0.9999999915300545
10838.546365914786	0.9999999922646579
10838.59649122807	0.9999999929419123
10838.646616541353	0.9999999935699038
10838.696741854637	0.9999999941554113
10838.74686716792	0.9999999947041125
10838.796992481202	0.9999999952207804
10838.847117794487	0.9999999957094191
10838.89724310777	0.9999999961734034
10838.947368421053	0.9999999966155708
10838.997493734336	0.9999999970383207
10839.047619047618	0.9999999974436836
10839.097744360903	0.9999999978333783
10839.147869674185	0.9999999982088743
10839.19799498747	0.999999998571426
10839.248120300752	0.9999999989221078
10839.298245614034	0.999999999261848
10839.348370927319	0.9999999995914506
10839.398496240601	0.9999999999116193
10839.448621553885	1.0000000002229699
10839.498746867168	1.000000000526039
10839.54887218045	1.0000000008213112
10839.598997493735	1.0000000011092127
10839.649122807017	1.0000000013901271
10839.699248120301	1.0000000016644028
10839.749373433584	1.000000001932353
10839.799498746866	1.0000000021942603
10839.84962406015	1.0000000024503937
10839.899749373433	1.0000000027009845
10839.949874686718	1.000000002946258
10840.0	1.000000003186419
